0.006502 0.001619 0.145735 0.008757 0.004989 0.832398
0.006978 0.980982 0.000074 0.000637 0.001842 0.009487
0.999107 0.000402 0.000230 0.000206 0.000014 0.000042
0.008327 0.979153 0.004993 0.002848 0.000613 0.004066
0.178875 0.746199 0.009202 0.002213 0.015749 0.047762
0.002766 0.011054 0.856131 0.001473 0.011761 0.116816
0.003264 0.043824 0.762382 0.001397 0.103843 0.085290
0.000012 0.000749 0.995149 0.000008 0.000171 0.003911
0.000122 0.002549 0.962568 0.000810 0.001715 0.032236
0.000819 0.001007 0.019613 0.775296 0.001353 0.201912
0.206483 0.006519 0.000048 0.782470 0.003008 0.001471
0.151676 0.059427 0.000999 0.777892 0.008947 0.001060
0.015765 0.001274 0.000003 0.001946 0.000092 0.980920
0.899298 0.000089 0.000059 0.100480 0.000046 0.000028
0.010280 0.497623 0.000690 0.159623 0.000015 0.331769
0.001988 0.511873 0.216456 0.069791 0.018655 0.181236
0.027023 0.002718 0.034725 0.825979 0.004967 0.104588
0.299417 0.218823 0.025752 0.156959 0.114817 0.184231
0.010413 0.982296 0.006909 0.000022 0.000039 0.000321
0.060013 0.690115 0.008050 0.059183 0.002111 0.180529
0.000454 0.022538 0.843260 0.063225 0.032807 0.037716
0.000091 0.002076 0.000076 0.002576 0.002302 0.992879
0.009447 0.493840 0.021277 0.000972 0.003068 0.471396
0.035882 0.047517 0.001457 0.039770 0.002093 0.873281
0.000016 0.994514 0.000385 0.000325 0.001711 0.003049
0.009616 0.634884 0.000391 0.030977 0.003894 0.320238
0.008460 0.012138 0.000069 0.001668 0.070863 0.906802
0.001691 0.032374 0.008314 0.326065 0.008960 0.622597
0.000025 0.019600 0.017585 0.030773 0.916955 0.015062
0.000243 0.000005 0.003320 0.996414 0.000017 0.000002
0.210080 0.005361 0.000534 0.213044 0.018400 0.552581
0.000044 0.999916 0.000000 0.000003 0.000006 0.000031
0.000162 0.997874 0.000078 0.001669 0.000109 0.000107
0.472116 0.088613 0.002652 0.015721 0.032116 0.388782
0.000001 0.000033 0.007424 0.003274 0.975081 0.014186
0.000046 0.000112 0.159383 0.839880 0.000068 0.000510
0.000002 0.000004 0.018567 0.981164 0.000081 0.000182
0.006275 0.655612 0.019431 0.000696 0.000209 0.317778
0.823689 0.076689 0.000588 0.008112 0.000506 0.090416
0.031065 0.062963 0.053367 0.004160 0.000677 0.847769
0.001085 0.000693 0.029953 0.019350 0.014378 0.934541
0.000799 0.005127 0.004064 0.001018 0.006139 0.982854
0.290069 0.001785 0.001631 0.703636 0.001841 0.001037
0.077727 0.002298 0.623045 0.152133 0.001553 0.143244
0.010749 0.001254 0.010831 0.027807 0.000617 0.948741
0.001049 0.903938 0.000150 0.000999 0.002196 0.091668
0.001513 0.014597 0.521192 0.007796 0.003358 0.451545
0.000003 0.000153 0.928744 0.016540 0.025627 0.028932
0.000016 0.021502 0.959484 0.001133 0.005221 0.012643
0.000008 0.999612 0.000008 0.000000 0.000003 0.000369
0.000019 0.941500 0.000163 0.000009 0.000042 0.058266
0.000070 0.999384 0.000001 0.000002 0.000004 0.000539
0.000348 0.798990 0.000375 0.001043 0.107632 0.091613
0.000032 0.999462 0.000015 0.000019 0.000327 0.000144
0.000024 0.999767 0.000000 0.000059 0.000129 0.000020
0.941814 0.025325 0.000380 0.021339 0.001953 0.009189
0.000137 0.001140 0.591671 0.029728 0.013999 0.363324
0.000046 0.996262 0.000691 0.000051 0.000095 0.002855
0.001247 0.383468 0.448532 0.000028 0.000317 0.166409
0.000014 0.000349 0.843789 0.000180 0.000165 0.155502
0.000047 0.505824 0.000943 0.000003 0.001204 0.491979
0.047952 0.263058 0.231744 0.002616 0.001672 0.452958
0.076866 0.088757 0.011100 0.000391 0.037666 0.785220
0.127092 0.673681 0.000005 0.000092 0.012623 0.186507
0.000650 0.016789 0.052452 0.198683 0.008700 0.722726
0.001197 0.000316 0.931846 0.021681 0.001948 0.043012
0.428350 0.194115 0.024195 0.091049 0.068042 0.194249
0.369395 0.003628 0.084785 0.050238 0.353768 0.138185
0.020819 0.126686 0.000647 0.013785 0.013833 0.824229
0.990393 0.000608 0.000040 0.008773 0.000033 0.000154
0.000978 0.004758 0.045751 0.028039 0.001232 0.919243
0.000886 0.013709 0.261014 0.685211 0.026632 0.012549
0.000930 0.000092 0.332525 0.656076 0.005803 0.004575
0.000070 0.619073 0.081390 0.001878 0.274375 0.023213
0.009653 0.767152 0.006253 0.026078 0.013013 0.177850
0.005975 0.043008 0.001067 0.006703 0.907618 0.035630
0.000360 0.000013 0.017745 0.981300 0.000047 0.000535
0.001902 0.018660 0.027438 0.424185 0.010374 0.517441
0.042110 0.032182 0.050337 0.664609 0.184818 0.025944
0.924085 0.002932 0.001125 0.070977 0.000408 0.000474
0.000764 0.995152 0.000532 0.002172 0.000034 0.001346
0.064060 0.002809 0.022742 0.078802 0.138034 0.693554
0.013308 0.345517 0.000329 0.006216 0.000535 0.634095
0.000055 0.001816 0.615861 0.087259 0.000771 0.294238
0.650782 0.000058 0.007136 0.332020 0.000195 0.009809
0.005479 0.074209 0.016732 0.005599 0.006270 0.891711
0.000028 0.000011 0.000583 0.001714 0.000308 0.997356
0.000658 0.998813 0.000000 0.000004 0.000003 0.000522
0.000899 0.999030 0.000011 0.000033 0.000005 0.000023
0.045827 0.299866 0.013650 0.204362 0.009323 0.426971
0.000148 0.015110 0.678030 0.186365 0.084799 0.035548
0.093887 0.036873 0.000241 0.234988 0.004174 0.629836
0.033415 0.036399 0.000467 0.009312 0.015663 0.904745
0.012135 0.600634 0.000045 0.004200 0.075720 0.307265
0.000646 0.000451 0.005193 0.982728 0.000150 0.010833
0.001585 0.025449 0.000920 0.014682 0.110856 0.846509
0.008925 0.990638 0.000075 0.000071 0.000180 0.000110
0.004846 0.014358 0.782775 0.145569 0.016094 0.036357
0.024467 0.817163 0.003190 0.004973 0.138932 0.011276
0.000233 0.092627 0.019461 0.133036 0.202026 0.552617
0.031189 0.093589 0.034518 0.021585 0.113299 0.705820
0.002826 0.274007 0.012995 0.077984 0.382089 0.250100
0.013120 0.681969 0.000171 0.023271 0.003043 0.278426
0.000017 0.000035 0.006818 0.010162 0.024599 0.958368
0.000020 0.999598 0.000002 0.000257 0.000020 0.000104
0.007452 0.092317 0.000027 0.025410 0.000074 0.874719
0.001836 0.000326 0.001436 0.638415 0.357888 0.000098
0.006525 0.000047 0.051948 0.867351 0.016235 0.057894
0.000742 0.743024 0.000114 0.000268 0.066605 0.189248
0.287525 0.584486 0.007213 0.017648 0.090849 0.012279
0.019619 0.063562 0.021069 0.100714 0.135944 0.659092
0.947143 0.001389 0.000086 0.050788 0.000342 0.000252
0.001079 0.004456 0.040188 0.102188 0.005599 0.846489
0.034942 0.066614 0.127876 0.072099 0.058800 0.639668
0.866107 0.003179 0.024617 0.002953 0.016421 0.086723
0.043232 0.013446 0.252478 0.015855 0.004197 0.670792
0.105223 0.233045 0.005001 0.128453 0.305424 0.222855
0.022487 0.221009 0.006097 0.740575 0.000022 0.009810
0.000285 0.108138 0.000015 0.001704 0.000442 0.889417
0.190510 0.008726 0.001290 0.015116 0.030204 0.754155
0.000075 0.998398 0.000012 0.000030 0.000006 0.001479
0.387919 0.025615 0.009547 0.573706 0.000601 0.002613
0.001432 0.808824 0.160186 0.007757 0.000093 0.021708
0.000073 0.000169 0.001393 0.002164 0.000116 0.996084
0.046900 0.032557 0.060588 0.826712 0.003821 0.029422
0.001221 0.025916 0.006143 0.007933 0.031993 0.926794
0.043110 0.831201 0.000209 0.002883 0.000932 0.121665
0.040644 0.348096 0.260930 0.041752 0.019823 0.288755
0.000149 0.736092 0.258448 0.000484 0.002666 0.002161
0.000544 0.999328 0.000002 0.000002 0.000004 0.000119
0.130540 0.061238 0.585308 0.113817 0.092361 0.016735
0.031594 0.837961 0.041409 0.023749 0.025110 0.040176
0.003411 0.017934 0.918164 0.005476 0.036071 0.018943
0.003333 0.000273 0.035219 0.854480 0.106521 0.000174
0.000004 0.000035 0.965900 0.033969 0.000020 0.000073
0.180943 0.422458 0.050923 0.134741 0.005748 0.205186
0.607511 0.130170 0.003914 0.165921 0.043160 0.049324
0.000316 0.978294 0.000016 0.000510 0.000218 0.020646
0.000068 0.986164 0.001241 0.008682 0.002811 0.001034
0.323163 0.297033 0.000934 0.002314 0.003821 0.372735
0.000004 0.000263 0.944051 0.004715 0.006002 0.044966
0.000482 0.027256 0.015597 0.000415 0.001152 0.955098
0.003289 0.063303 0.824406 0.007806 0.080960 0.020236
0.012733 0.003683 0.312187 0.503514 0.153280 0.014603
0.025916 0.245463 0.013277 0.048402 0.017453 0.649489
0.033585 0.937974 0.000102 0.000716 0.001750 0.025873
0.008710 0.059422 0.008545 0.299021 0.593905 0.030397
0.003499 0.995077 0.000031 0.000072 0.000010 0.001311
0.001864 0.498953 0.008531 0.170165 0.007440 0.313048
0.952464 0.003250 0.000010 0.042471 0.000232 0.001573
0.003621 0.000043 0.000434 0.973096 0.006267 0.016540
0.001519 0.002691 0.072999 0.859066 0.010377 0.053349
0.034057 0.470897 0.013023 0.286677 0.079207 0.116139
0.009321 0.989646 0.000079 0.000008 0.000401 0.000545
0.000332 0.005737 0.157945 0.030797 0.000714 0.804475
0.002434 0.141605 0.059636 0.197497 0.011517 0.587312
0.001198 0.992723 0.000028 0.003873 0.000059 0.002119
0.000273 0.016270 0.000595 0.000132 0.000590 0.982139
0.442484 0.146810 0.055209 0.061912 0.008328 0.285256
0.001393 0.167351 0.774931 0.002038 0.027380 0.026906
0.000841 0.998874 0.000003 0.000185 0.000003 0.000094
0.000496 0.052796 0.000019 0.001429 0.000260 0.945000
0.285386 0.455251 0.000671 0.002836 0.010080 0.245777
0.000155 0.999164 0.000558 0.000014 0.000063 0.000046
0.008226 0.005825 0.158771 0.517790 0.109791 0.199598
0.000528 0.994915 0.002960 0.001321 0.000066 0.000210
0.000541 0.711228 0.000052 0.002362 0.000018 0.285800
0.007294 0.285707 0.021872 0.000760 0.003676 0.680692
0.000502 0.757223 0.013022 0.003166 0.002250 0.223837
0.000021 0.000035 0.992714 0.004826 0.000296 0.002109
0.002214 0.791243 0.133662 0.001286 0.001074 0.070521
0.010939 0.976719 0.001606 0.005882 0.002163 0.002691
0.893194 0.006391 0.002273 0.097548 0.000523 0.000071
0.037799 0.342446 0.042832 0.280419 0.018283 0.278221
0.000135 0.999493 0.000006 0.000015 0.000022 0.000329
0.000250 0.989509 0.001566 0.001729 0.006644 0.000302
0.066410 0.000065 0.004937 0.928361 0.000066 0.000160
0.000005 0.000158 0.158951 0.000156 0.001758 0.838971
0.000951 0.392393 0.557193 0.001044 0.000061 0.048358
0.130295 0.244517 0.434633 0.000589 0.000806 0.189159
0.001101 0.020956 0.088390 0.851422 0.027668 0.010463
0.001661 0.005590 0.025787 0.183569 0.778522 0.004871
0.773669 0.121775 0.000265 0.004755 0.001295 0.098242
0.028822 0.003323 0.001393 0.815603 0.144238 0.006621
0.002459 0.000000 0.001775 0.995759 0.000002 0.000004
0.001197 0.908306 0.000706 0.001200 0.000370 0.088220
0.531227 0.278342 0.001415 0.009839 0.000160 0.179018
0.655520 0.302606 0.000237 0.001769 0.001113 0.038755
0.016935 0.211816 0.182276 0.005929 0.285020 0.298025
0.000486 0.938141 0.057823 0.000372 0.000290 0.002888
0.025485 0.015221 0.073743 0.032879 0.003424 0.849248
0.005153 0.104147 0.008848 0.003960 0.055263 0.822629
0.052881 0.760746 0.023540 0.003087 0.035349 0.124397
0.004377 0.989880 0.000917 0.000019 0.000007 0.004801
0.010636 0.002522 0.965504 0.002742 0.001630 0.016966
0.013891 0.117399 0.214861 0.009497 0.006064 0.638287
0.153789 0.422416 0.001873 0.068128 0.038479 0.315316
0.008280 0.587497 0.017583 0.002202 0.004091 0.380346
0.002636 0.980157 0.006703 0.009105 0.000180 0.001220
0.009675 0.990091 0.000074 0.000038 0.000112 0.000011
0.446606 0.040603 0.079176 0.004678 0.366676 0.062261
0.000882 0.995681 0.000230 0.000052 0.000057 0.003098
0.000013 0.001554 0.964602 0.000391 0.005596 0.027845
0.000014 0.000037 0.995765 0.004147 0.000021 0.000016
0.000009 0.907114 0.060604 0.000003 0.001571 0.030699
0.000000 0.000000 0.998733 0.000011 0.000010 0.001246
0.000015 0.999953 0.000000 0.000000 0.000003 0.000028
0.000150 0.999725 0.000001 0.000010 0.000049 0.000065
0.597309 0.004572 0.091774 0.216886 0.005149 0.084311
0.000000 0.996179 0.000129 0.000113 0.003512 0.000067
0.000097 0.000747 0.003981 0.994552 0.000153 0.000471
0.054624 0.001994 0.090978 0.017528 0.830205 0.004671
0.000007 0.000027 0.410599 0.452492 0.136099 0.000775
0.000001 0.000003 0.987891 0.011881 0.000064 0.000161
0.000001 0.000023 0.000164 0.000041 0.002194 0.997578
0.972027 0.008126 0.004991 0.004161 0.009919 0.000775
0.020909 0.002775 0.004943 0.006531 0.913937 0.050905
0.000063 0.000001 0.059852 0.939145 0.000805 0.000134
0.001794 0.897717 0.000508 0.056119 0.004438 0.039423
0.269960 0.715539 0.000011 0.001414 0.002371 0.010706
0.063783 0.001526 0.031952 0.250640 0.010717 0.641383
0.004082 0.002309 0.129569 0.705224 0.037140 0.121676
0.006277 0.773280 0.004776 0.067489 0.001218 0.146960
0.502613 0.259396 0.000593 0.229171 0.006416 0.001811
0.538887 0.118119 0.037222 0.037756 0.001013 0.267003
0.115437 0.583832 0.087149 0.071734 0.014742 0.127106
0.014097 0.005227 0.932081 0.006501 0.036407 0.005687
0.064290 0.241715 0.006378 0.095194 0.002511 0.589912
0.088037 0.017519 0.044430 0.026923 0.230861 0.592229
0.054620 0.769937 0.005483 0.026753 0.022656 0.120551
0.082219 0.514986 0.026193 0.015050 0.003038 0.358515
0.000401 0.014093 0.074020 0.015400 0.002868 0.893219
0.178686 0.000203 0.006814 0.804013 0.000913 0.009372
0.032382 0.059638 0.069461 0.025661 0.010949 0.801909
0.000371 0.998239 0.000693 0.000012 0.000021 0.000664
0.002088 0.027395 0.543163 0.002891 0.003124 0.421339
0.000004 0.000583 0.997976 0.000057 0.000300 0.001079
0.075367 0.366881 0.326166 0.011082 0.009676 0.210828
0.000182 0.001676 0.995832 0.000007 0.000302 0.002001
0.002521 0.016138 0.224122 0.000943 0.007309 0.748966
0.026912 0.002515 0.942718 0.012345 0.009289 0.006220
0.003324 0.841585 0.122219 0.000569 0.001506 0.030798
0.184374 0.765698 0.002473 0.001502 0.000917 0.045036
0.041845 0.011133 0.932943 0.000092 0.001278 0.012709
0.000966 0.141063 0.000769 0.000016 0.001193 0.855992
0.038602 0.002455 0.937644 0.005451 0.003260 0.012587
0.000329 0.984071 0.010667 0.000629 0.000101 0.004203
0.004547 0.995437 0.000001 0.000001 0.000001 0.000014
0.016641 0.016932 0.710411 0.055824 0.023706 0.176486
0.001194 0.020509 0.000236 0.000041 0.001815 0.976204
0.000000 0.000000 0.999984 0.000012 0.000002 0.000002
0.000002 0.000002 0.968961 0.000415 0.000010 0.030611
0.000072 0.999262 0.000001 0.000027 0.000005 0.000633
0.000975 0.479741 0.000032 0.001371 0.001226 0.516656
0.010978 0.931563 0.000108 0.008236 0.011720 0.037395
0.008004 0.055520 0.005567 0.028239 0.038955 0.863714
0.000008 0.999922 0.000002 0.000006 0.000017 0.000045
0.010206 0.044341 0.003669 0.003807 0.001430 0.936547
0.000511 0.080637 0.054309 0.717891 0.130169 0.016484
0.000026 0.232750 0.000027 0.003014 0.004197 0.759986
0.144884 0.006058 0.020161 0.571573 0.003315 0.254009
0.005584 0.026857 0.380425 0.084435 0.019676 0.483023
0.000040 0.999219 0.000006 0.000014 0.000392 0.000330
0.238518 0.281910 0.000666 0.005069 0.029355 0.444482
0.008927 0.354363 0.000216 0.000782 0.004147 0.631564
0.018087 0.065641 0.125732 0.426997 0.076810 0.286733
0.523509 0.109516 0.184571 0.002172 0.083181 0.097050
0.002146 0.000643 0.055817 0.937924 0.003010 0.000459
0.000475 0.001869 0.933293 0.000916 0.006905 0.056542
0.007505 0.934069 0.036326 0.003830 0.000018 0.018252
0.000108 0.998099 0.000021 0.000001 0.000007 0.001764
0.078954 0.010420 0.600619 0.008616 0.001935 0.299456
0.025230 0.971426 0.001476 0.000039 0.000486 0.001343
0.000145 0.000138 0.707473 0.006813 0.000107 0.285325
0.000238 0.021204 0.922755 0.002974 0.008104 0.044725
0.035097 0.001600 0.951452 0.000173 0.007824 0.003854
0.000007 0.000130 0.999549 0.000064 0.000026 0.000223
0.016665 0.618688 0.001310 0.000112 0.000157 0.363068
0.342067 0.022040 0.560695 0.000936 0.029708 0.044553
0.096323 0.166054 0.000282 0.026241 0.014075 0.697026
0.047857 0.579187 0.000062 0.002014 0.001376 0.369504
0.014464 0.499619 0.006542 0.004987 0.119048 0.355341
0.000343 0.972233 0.000013 0.026930 0.000036 0.000445
0.013742 0.653127 0.000143 0.015557 0.261453 0.055978
0.000011 0.002886 0.002357 0.994384 0.000237 0.000125
0.114173 0.006130 0.004289 0.787328 0.026331 0.061748
0.000040 0.001211 0.293699 0.020344 0.349180 0.335526
0.001629 0.000007 0.053796 0.944069 0.000484 0.000015
0.000599 0.000334 0.148092 0.848740 0.001404 0.000831
0.106791 0.205346 0.075488 0.052836 0.371947 0.187592
0.787093 0.044807 0.081466 0.059415 0.023547 0.003671
0.293057 0.075838 0.543081 0.067889 0.013532 0.006602
0.005606 0.341621 0.029753 0.364649 0.161806 0.096565
0.021763 0.004729 0.281715 0.497169 0.174468 0.020156
0.159485 0.722856 0.045281 0.020454 0.000486 0.051438
0.001884 0.004586 0.948894 0.017742 0.005680 0.021214
0.537439 0.002386 0.361670 0.040038 0.046039 0.012428
0.615999 0.060599 0.045781 0.241667 0.005923 0.030031
0.050698 0.003342 0.033338 0.051462 0.298206 0.562954
0.063957 0.896194 0.000014 0.000683 0.000344 0.038808
0.021762 0.036053 0.002215 0.209264 0.000269 0.730437
0.009462 0.968823 0.001566 0.014372 0.000409 0.005368
0.008944 0.247530 0.178013 0.474393 0.052407 0.038713
0.000584 0.001806 0.007105 0.003234 0.033918 0.953353
0.010778 0.682817 0.005410 0.047578 0.151440 0.101977
0.004513 0.964022 0.025401 0.001464 0.000597 0.004004
0.006480 0.883264 0.071314 0.000440 0.005843 0.032659
0.000651 0.000009 0.955767 0.043366 0.000008 0.000199
0.035730 0.018738 0.039903 0.011963 0.280528 0.613137
0.028831 0.476551 0.427626 0.006716 0.013924 0.046352
0.000606 0.001347 0.003233 0.000783 0.000030 0.994001
0.252423 0.186172 0.102200 0.255277 0.042713 0.161215
0.000581 0.021509 0.552368 0.010483 0.004795 0.410264
0.000102 0.821404 0.167307 0.005498 0.005163 0.000525
0.055154 0.841984 0.006338 0.003122 0.076657 0.016746
0.000976 0.903409 0.086528 0.000285 0.002538 0.006264
0.003302 0.485644 0.322834 0.012596 0.001354 0.174271
0.002718 0.994492 0.000014 0.000031 0.000001 0.002745
0.005305 0.282395 0.024321 0.003512 0.011962 0.672504
0.016755 0.000168 0.670580 0.302597 0.000601 0.009300
0.637911 0.002065 0.002700 0.353778 0.002651 0.000895
0.021591 0.234484 0.429730 0.011643 0.002308 0.300244
0.324253 0.137588 0.058720 0.267312 0.000253 0.211872
0.000073 0.992971 0.000033 0.000021 0.000009 0.006893
0.000614 0.002320 0.229228 0.746702 0.004898 0.016238
0.002548 0.989792 0.000003 0.000020 0.000436 0.007201
0.000229 0.993139 0.004417 0.000003 0.000033 0.002179
0.028465 0.010663 0.090424 0.005896 0.000272 0.864280
0.000004 0.794962 0.183260 0.009094 0.006348 0.006331
0.003107 0.074461 0.605939 0.007065 0.072420 0.237008
0.000554 0.223289 0.000343 0.000115 0.002066 0.773634
0.000121 0.011865 0.975474 0.000480 0.002757 0.009303
0.000515 0.000078 0.984361 0.014826 0.000147 0.000073
0.000149 0.000010 0.227971 0.769794 0.002066 0.000010
0.017344 0.252364 0.001483 0.184497 0.004889 0.539423
0.000015 0.016889 0.045383 0.158838 0.777098 0.001776
0.000026 0.005747 0.006122 0.048463 0.939535 0.000108
0.000460 0.000782 0.093094 0.895695 0.007575 0.002393
0.000056 0.019647 0.000811 0.008023 0.968900 0.002563
0.000058 0.000947 0.006287 0.990088 0.002608 0.000012
0.012071 0.848105 0.008806 0.018441 0.079882 0.032694
0.000004 0.005167 0.000837 0.002175 0.983032 0.008784
0.004061 0.049427 0.234441 0.018327 0.001740 0.692003
0.000206 0.018541 0.003411 0.001224 0.000019 0.976599
0.043153 0.185256 0.004426 0.058071 0.009819 0.699276
0.023058 0.026038 0.001331 0.005609 0.004078 0.939887
0.003519 0.331637 0.006406 0.010778 0.472308 0.175352
0.171435 0.204257 0.009818 0.099981 0.156703 0.357805
0.038082 0.005642 0.019192 0.059055 0.160621 0.717408
0.010338 0.209790 0.001215 0.259724 0.014605 0.504329
0.012968 0.038929 0.000021 0.000858 0.000686 0.946538
0.189655 0.316766 0.015507 0.423254 0.024224 0.030594
0.334819 0.163697 0.028793 0.151286 0.031962 0.289445
0.018638 0.629927 0.003340 0.027656 0.184787 0.135653
0.003787 0.135027 0.001375 0.020391 0.103888 0.735532
0.007532 0.988129 0.000408 0.000149 0.001091 0.002691
0.135549 0.004951 0.009546 0.039513 0.330468 0.479973
0.000292 0.998847 0.000027 0.000186 0.000092 0.000556
0.001331 0.995856 0.000004 0.000021 0.000007 0.002782
0.205310 0.020229 0.683207 0.063031 0.017255 0.010967
0.296421 0.015144 0.099726 0.361907 0.211794 0.015008
0.192087 0.268496 0.005557 0.095598 0.008194 0.430069
0.013070 0.782837 0.001395 0.025661 0.021675 0.155363
0.027397 0.143912 0.001383 0.026168 0.050330 0.750811
0.031706 0.953975 0.001852 0.000200 0.000924 0.011343
0.018369 0.002437 0.057873 0.058924 0.431437 0.430960
0.000245 0.999053 0.000020 0.000172 0.000278 0.000232
0.060924 0.937757 0.000004 0.000013 0.000002 0.001299
0.016434 0.000494 0.922854 0.058270 0.001182 0.000766
0.000912 0.033288 0.004784 0.907515 0.037167 0.016335
0.953750 0.007172 0.002532 0.001038 0.000136 0.035372
0.003251 0.995608 0.000055 0.000043 0.000016 0.001027
0.000094 0.001142 0.977439 0.012725 0.000334 0.008266
0.002206 0.014782 0.000062 0.001636 0.001164 0.980149
0.407037 0.569943 0.002187 0.002400 0.004426 0.014007
0.345094 0.009015 0.278977 0.359439 0.003571 0.003905
0.000143 0.982588 0.009425 0.001282 0.001855 0.004707
0.003381 0.995884 0.000455 0.000026 0.000173 0.000082
0.000030 0.740940 0.024411 0.083863 0.121223 0.029533
0.350915 0.002132 0.207308 0.438071 0.001213 0.000362
0.379928 0.111204 0.074326 0.178425 0.015953 0.240164
0.026412 0.014128 0.676205 0.104135 0.001309 0.177810
0.000386 0.001120 0.149196 0.008151 0.000740 0.840407
0.002831 0.250914 0.498546 0.006043 0.028201 0.213465
0.000094 0.000678 0.693120 0.000331 0.178079 0.127699
0.001720 0.998200 0.000003 0.000020 0.000006 0.000051
0.965635 0.032895 0.000448 0.000443 0.000120 0.000458
0.013313 0.830033 0.002291 0.043746 0.000293 0.110324
0.052028 0.442378 0.005240 0.089531 0.001724 0.409099
0.004908 0.632931 0.001301 0.002409 0.000800 0.357650
0.020172 0.000268 0.005325 0.335240 0.009163 0.629832
0.000152 0.001034 0.303293 0.284637 0.038383 0.372501
0.000050 0.000037 0.002655 0.997034 0.000014 0.000211
0.000469 0.029746 0.010010 0.005118 0.000246 0.954411
0.008875 0.090195 0.011261 0.134255 0.008012 0.747402
0.004094 0.001445 0.025997 0.606972 0.001950 0.359542
0.000073 0.909489 0.000111 0.000276 0.089927 0.000125
0.009615 0.448929 0.005174 0.535382 0.000796 0.000104
0.723657 0.006599 0.063669 0.017980 0.029451 0.158644
0.108692 0.010360 0.020244 0.855705 0.003101 0.001898
0.000179 0.009134 0.892622 0.032771 0.003497 0.061797
0.763492 0.034481 0.196928 0.000740 0.000383 0.003977
0.000173 0.000004 0.998566 0.000780 0.000102 0.000376
0.000203 0.612153 0.327755 0.001231 0.003177 0.055481
0.006395 0.960424 0.003941 0.001931 0.003750 0.023559
0.016692 0.042368 0.015888 0.018957 0.014364 0.891730
0.750842 0.002649 0.096364 0.044292 0.007309 0.098545
0.003195 0.037178 0.121066 0.469314 0.004810 0.364437
0.012661 0.519270 0.004475 0.084749 0.033855 0.344990
0.837110 0.104794 0.015044 0.013448 0.017332 0.012272
0.010734 0.278317 0.014618 0.493042 0.076582 0.126708
0.022221 0.091311 0.309281 0.180937 0.119599 0.276651
0.001025 0.706946 0.000095 0.008304 0.023020 0.260610
0.296597 0.647678 0.000082 0.002138 0.002035 0.051470
0.001846 0.000089 0.073903 0.886631 0.000546 0.036986
0.000503 0.000786 0.007446 0.001310 0.000527 0.989428
0.002910 0.006548 0.616523 0.040848 0.052492 0.280678
0.003318 0.001914 0.792611 0.006745 0.052768 0.142643
0.993682 0.000153 0.000029 0.006015 0.000107 0.000016
0.043055 0.000438 0.000055 0.955602 0.000707 0.000142
0.001610 0.034671 0.000110 0.011660 0.000445 0.951504
0.010816 0.001435 0.246646 0.115514 0.001829 0.623761
0.001880 0.034845 0.052961 0.018767 0.031508 0.860040
0.010008 0.006544 0.007026 0.767193 0.011327 0.197903
0.019093 0.004023 0.125309 0.139858 0.710716 0.001001
0.002088 0.000019 0.150382 0.840926 0.006005 0.000580
0.025690 0.482663 0.031087 0.007034 0.025722 0.427805
0.000016 0.000188 0.000002 0.000045 0.000033 0.999717
0.004808 0.024354 0.000038 0.000040 0.000009 0.970750
0.004363 0.007609 0.009221 0.002299 0.000156 0.976350
0.018979 0.036100 0.026188 0.025276 0.031679 0.861777
0.525355 0.070326 0.004616 0.005214 0.032847 0.361642
0.001861 0.081749 0.015151 0.320646 0.054644 0.525949
0.117648 0.579793 0.089578 0.006107 0.140533 0.066341
0.013020 0.002581 0.460023 0.306777 0.020934 0.196665
0.014292 0.955320 0.000010 0.000112 0.005372 0.024895
0.004231 0.150966 0.002944 0.519159 0.014926 0.307774
0.000459 0.999469 0.000000 0.000002 0.000000 0.000070
0.003412 0.000628 0.009127 0.006453 0.005867 0.974513
0.000042 0.998722 0.000022 0.000066 0.000567 0.000582
0.001711 0.929491 0.000003 0.002335 0.003366 0.063094
0.000001 0.999486 0.000352 0.000009 0.000123 0.000029
0.002571 0.930874 0.025280 0.007202 0.014293 0.019782
0.003240 0.000814 0.944625 0.049992 0.000750 0.000578
0.000100 0.012597 0.002219 0.026494 0.882609 0.075981
0.007960 0.000292 0.146710 0.844259 0.000338 0.000442
0.001663 0.000447 0.244380 0.370508 0.122504 0.260499
0.000244 0.999739 0.000006 0.000001 0.000001 0.000009
0.000048 0.999648 0.000071 0.000017 0.000004 0.000212
0.451760 0.176228 0.024299 0.059869 0.002377 0.285467
0.004089 0.008280 0.000501 0.009669 0.004533 0.972927
0.000010 0.003550 0.007174 0.001821 0.000670 0.986774
0.000041 0.001252 0.923208 0.036278 0.002696 0.036526
0.000927 0.006543 0.585606 0.004839 0.010707 0.391379
0.100535 0.056656 0.456668 0.379428 0.005496 0.001216
0.000039 0.000360 0.007846 0.001850 0.000623 0.989283
0.000801 0.219661 0.001238 0.003107 0.548197 0.226996
0.026155 0.000076 0.000552 0.973081 0.000125 0.000012
0.000109 0.000207 0.133674 0.011005 0.223996 0.631009
0.000035 0.000025 0.997036 0.000350 0.000089 0.002464
0.098159 0.086515 0.181478 0.066978 0.240213 0.326657
0.570072 0.194937 0.198310 0.002695 0.001761 0.032225
0.002679 0.021572 0.000356 0.005320 0.000099 0.969973
0.952639 0.005538 0.000037 0.036747 0.000330 0.004708
0.000093 0.000057 0.115215 0.040081 0.002919 0.841635
0.000155 0.007095 0.110752 0.693028 0.119997 0.068972
0.194981 0.038331 0.224718 0.040765 0.015918 0.485286
0.047381 0.951417 0.000009 0.000201 0.000007 0.000985
0.186680 0.098440 0.199402 0.255979 0.010370 0.249130
0.000039 0.000354 0.966650 0.017535 0.014367 0.001055
0.429972 0.105640 0.033072 0.022196 0.024601 0.384519
0.000815 0.904896 0.037315 0.003519 0.009647 0.043808
0.125120 0.743344 0.003520 0.118847 0.002890 0.006279
0.020122 0.024096 0.000004 0.000183 0.000399 0.955195
0.000339 0.010151 0.427847 0.332900 0.028561 0.200202
0.102944 0.024542 0.007096 0.839052 0.011123 0.015243
0.149239 0.002588 0.066780 0.122087 0.571621 0.087685
0.000819 0.000802 0.012736 0.125800 0.207979 0.651865
0.010206 0.000362 0.000873 0.007500 0.000740 0.980319
0.006095 0.113044 0.164536 0.347164 0.003823 0.365337
0.089361 0.869833 0.002986 0.009383 0.002777 0.025659
0.998610 0.000216 0.000002 0.001088 0.000026 0.000057
0.615375 0.002200 0.141629 0.026330 0.003003 0.211464
0.000007 0.978906 0.006988 0.009588 0.000419 0.004092
0.021884 0.001796 0.598238 0.217907 0.126574 0.033601
0.072176 0.038120 0.012775 0.021964 0.010501 0.844464
0.866164 0.102257 0.011460 0.010327 0.002764 0.007028
0.013165 0.001814 0.731509 0.033841 0.214200 0.005471
0.002010 0.053604 0.011547 0.060934 0.530899 0.341006
0.000001 0.000232 0.026639 0.831277 0.141548 0.000304
0.000863 0.000094 0.000608 0.997770 0.000614 0.000052
0.000069 0.000271 0.000002 0.000016 0.000035 0.999607
0.004157 0.057129 0.269169 0.060668 0.056878 0.551999
0.017902 0.294555 0.041668 0.111052 0.403307 0.131515
0.042846 0.955027 0.000075 0.000681 0.000697 0.000675
0.000005 0.000008 0.766490 0.233423 0.000052 0.000023
0.000636 0.000187 0.024465 0.002527 0.019205 0.952980
0.001327 0.034943 0.000675 0.001331 0.121678 0.840045
0.004377 0.236529 0.005333 0.189069 0.002497 0.562196
0.044049 0.001568 0.005318 0.012799 0.002515 0.933751
0.023196 0.000730 0.033445 0.000548 0.000220 0.941861
0.003152 0.062129 0.003603 0.001314 0.001395 0.928407
0.602078 0.002993 0.069013 0.016823 0.007502 0.301591
0.853969 0.000963 0.036124 0.008882 0.069817 0.030244
0.295562 0.618708 0.006898 0.003874 0.001952 0.073005
0.891481 0.001938 0.025452 0.076759 0.000075 0.004295
0.000003 0.013073 0.971235 0.001075 0.007043 0.007571
0.017734 0.318084 0.020608 0.234698 0.081584 0.327292
0.524600 0.006546 0.000550 0.114281 0.351790 0.002234
0.000094 0.000003 0.001209 0.998578 0.000011 0.000106
0.003750 0.019244 0.001473 0.008925 0.002298 0.964310
0.472465 0.002498 0.011099 0.146486 0.069943 0.297509
0.409977 0.516973 0.001430 0.003787 0.004951 0.062882
0.001575 0.253920 0.015308 0.001329 0.003061 0.724807
0.000039 0.001218 0.941254 0.001894 0.042367 0.013229
0.005245 0.059121 0.211948 0.001233 0.006749 0.715704
0.001122 0.784827 0.001768 0.000065 0.000246 0.211972
0.000835 0.000309 0.698652 0.005468 0.267901 0.026835
0.057343 0.020862 0.001468 0.002898 0.000246 0.917182
0.036630 0.147916 0.001126 0.000861 0.003354 0.810114
0.467689 0.005518 0.072565 0.007317 0.144538 0.302373
0.036436 0.000562 0.251596 0.001853 0.009489 0.700063
0.038823 0.068075 0.042327 0.039805 0.053318 0.757653
0.038195 0.808673 0.000200 0.016529 0.028286 0.108117
0.181630 0.463241 0.009266 0.006211 0.012969 0.326683
0.000072 0.000078 0.788644 0.184336 0.016480 0.010389
0.096121 0.116051 0.000363 0.016640 0.001916 0.768909
0.345161 0.163157 0.147520 0.284492 0.009412 0.050258
0.009516 0.142234 0.217218 0.406979 0.218912 0.005142
0.706416 0.262556 0.000638 0.005339 0.016512 0.008539
0.000044 0.000479 0.026526 0.072659 0.898362 0.001931
0.618083 0.000027 0.004443 0.372515 0.000204 0.004729
0.000117 0.004337 0.193556 0.019123 0.004044 0.778823
0.456570 0.001893 0.023678 0.498572 0.000665 0.018623
0.000567 0.000961 0.016390 0.888141 0.003132 0.090810
0.004193 0.586312 0.000363 0.049250 0.003971 0.355911
0.000746 0.001859 0.038291 0.121823 0.018624 0.818657
0.443614 0.057060 0.000575 0.034430 0.002247 0.462075
0.001018 0.002698 0.014913 0.004933 0.965060 0.011377
0.036472 0.000032 0.004547 0.957038 0.000083 0.001828
0.004148 0.000512 0.002679 0.745829 0.001565 0.245266
0.011507 0.214026 0.000274 0.276892 0.006133 0.491168
0.008378 0.014073 0.003127 0.001647 0.962877 0.009898
0.000048 0.000018 0.706731 0.293063 0.000028 0.000112
0.045030 0.353002 0.009325 0.002061 0.054404 0.536177
0.009211 0.024719 0.939438 0.017039 0.004831 0.004764
0.414510 0.145441 0.047808 0.284507 0.018411 0.089323
0.080796 0.795617 0.008318 0.003586 0.107625 0.004057
0.006549 0.015788 0.011456 0.798014 0.006675 0.161518
0.003437 0.173071 0.275318 0.208722 0.176340 0.163113
0.000098 0.998535 0.000233 0.000002 0.000275 0.000858
0.000146 0.000646 0.000003 0.001000 0.015261 0.982943
0.009382 0.024915 0.002697 0.956872 0.001198 0.004936
0.000051 0.000293 0.000006 0.000653 0.000404 0.998593
0.000051 0.001029 0.877053 0.005121 0.078852 0.037894
0.001823 0.786282 0.003971 0.033791 0.010779 0.163353
0.035021 0.524508 0.127723 0.012003 0.008165 0.292580
0.753703 0.001426 0.001402 0.242025 0.000267 0.001178
0.000035 0.754602 0.001426 0.011598 0.009579 0.222761
0.739488 0.193300 0.000068 0.015055 0.019368 0.032721
0.005738 0.040796 0.000118 0.000506 0.000015 0.952827
0.000223 0.994462 0.000020 0.001226 0.000021 0.004047
0.087589 0.149254 0.000071 0.005148 0.001813 0.756125
0.008782 0.266168 0.000348 0.002453 0.012454 0.709795
0.000116 0.999716 0.000012 0.000087 0.000013 0.000056
0.000420 0.038732 0.000908 0.005301 0.002233 0.952406
0.030067 0.592518 0.126402 0.056421 0.164690 0.029902
0.000001 0.000887 0.000044 0.000083 0.998560 0.000426
0.000220 0.000726 0.003759 0.993961 0.001310 0.000023
0.000031 0.994117 0.000031 0.005097 0.000672 0.000052
0.000047 0.033646 0.000012 0.014547 0.950516 0.001231
0.001782 0.007413 0.004239 0.976353 0.001466 0.008748
0.000211 0.001240 0.000287 0.009465 0.986472 0.002325
0.000800 0.001073 0.417244 0.560922 0.000900 0.019061
0.000571 0.140817 0.000045 0.000935 0.799857 0.057775
0.000104 0.001533 0.547656 0.441291 0.008364 0.001053
0.002133 0.000587 0.975896 0.000634 0.001555 0.019194
0.000085 0.817758 0.005629 0.000058 0.000098 0.176373
0.000254 0.517750 0.409663 0.003994 0.000385 0.067953
0.000233 0.012372 0.000001 0.000055 0.000041 0.987299
0.001647 0.217544 0.000219 0.001054 0.708627 0.070908
0.000861 0.365528 0.268485 0.362797 0.000940 0.001388
0.003994 0.073236 0.058033 0.006175 0.038054 0.820508
0.018261 0.007385 0.898165 0.004544 0.009960 0.061686
0.000613 0.987522 0.000156 0.000380 0.000669 0.010660
0.054841 0.918064 0.000408 0.000947 0.000136 0.025603
0.926489 0.019421 0.000228 0.031194 0.001212 0.021456
0.002651 0.000445 0.007145 0.986399 0.001180 0.002179
0.000162 0.096936 0.025655 0.381622 0.001369 0.494255
0.000092 0.554617 0.125149 0.035241 0.241138 0.043763
0.053734 0.233447 0.000654 0.708428 0.000006 0.003732
0.006037 0.001442 0.004781 0.000278 0.007717 0.979744
0.000958 0.220325 0.042460 0.010710 0.001583 0.723963
0.070493 0.309368 0.013924 0.370457 0.034365 0.201393
0.009367 0.928177 0.000844 0.000407 0.001251 0.059954
0.001097 0.084137 0.882091 0.003365 0.023811 0.005498
0.001454 0.072428 0.001228 0.000546 0.014620 0.909725
0.000006 0.391960 0.114498 0.002272 0.019892 0.471372
0.001183 0.000160 0.001156 0.997162 0.000323 0.000017
0.001260 0.384209 0.000334 0.004122 0.599062 0.011013
0.000172 0.000001 0.000754 0.999063 0.000008 0.000000
0.000014 0.061352 0.000020 0.000602 0.929844 0.008167
0.000023 0.000000 0.000104 0.999744 0.000128 0.000000
0.000224 0.000483 0.000309 0.000122 0.006059 0.992804
0.028326 0.075618 0.049891 0.174612 0.309298 0.362255
0.631375 0.228078 0.000408 0.121821 0.002757 0.015561
0.037202 0.103130 0.383577 0.021006 0.000699 0.454386
0.285717 0.016837 0.543244 0.129557 0.001097 0.023547
0.000345 0.125024 0.122106 0.014709 0.001513 0.736302
0.049565 0.630360 0.004972 0.069141 0.001742 0.244221
0.336913 0.530844 0.026172 0.005027 0.018280 0.082763
0.107508 0.015879 0.582450 0.051422 0.103988 0.138753
0.103334 0.049101 0.090974 0.689252 0.042170 0.025170
0.302560 0.124364 0.006477 0.001362 0.001891 0.563347
0.000019 0.000027 0.977560 0.000353 0.000077 0.021964
0.000015 0.000085 0.897017 0.004140 0.008051 0.090693
0.603579 0.150919 0.052683 0.053139 0.078201 0.061479
0.021250 0.116489 0.008293 0.001631 0.004987 0.847351
0.217434 0.477062 0.010924 0.212875 0.017264 0.064442
0.877997 0.090628 0.006307 0.010787 0.005211 0.009069
0.000208 0.002932 0.028420 0.001770 0.936054 0.030615
0.000639 0.955463 0.000130 0.000002 0.000263 0.043503
0.006342 0.510764 0.389190 0.002153 0.001163 0.090387
0.000208 0.999331 0.000001 0.000004 0.000002 0.000454
0.192800 0.053101 0.099684 0.126782 0.259889 0.267745
0.001985 0.001942 0.090416 0.000454 0.008977 0.896227
0.000279 0.972552 0.004803 0.000100 0.000061 0.022205
0.000001 0.000030 0.999787 0.000011 0.000000 0.000171
0.006880 0.000317 0.859240 0.004971 0.000393 0.128199
0.000006 0.013704 0.847963 0.000221 0.039733 0.098374
0.014421 0.982172 0.000060 0.000086 0.000088 0.003173
0.011689 0.206664 0.083255 0.461785 0.213601 0.023006
0.000001 0.999787 0.000001 0.000110 0.000007 0.000093
0.000468 0.018589 0.712327 0.162123 0.085654 0.020838
0.003528 0.050214 0.008529 0.002242 0.912059 0.023428
0.000058 0.000017 0.269933 0.729900 0.000055 0.000036
0.000017 0.020245 0.945627 0.000485 0.009238 0.024388
0.004456 0.162025 0.674565 0.017383 0.055143 0.086426
0.000584 0.998869 0.000224 0.000029 0.000039 0.000256
0.000224 0.612771 0.001121 0.001145 0.111053 0.273687
0.000013 0.000148 0.879035 0.119894 0.000060 0.000850
0.281857 0.028142 0.000042 0.004013 0.000285 0.685661
0.000023 0.999799 0.000000 0.000000 0.000000 0.000177
0.052426 0.100729 0.325444 0.281723 0.066453 0.173225
0.000114 0.222778 0.000069 0.000769 0.007018 0.769251
0.164205 0.703569 0.000851 0.077372 0.014883 0.039119
0.008498 0.846581 0.000500 0.000394 0.000061 0.143966
0.000412 0.069831 0.209103 0.224906 0.074133 0.421615
0.000784 0.104719 0.006742 0.004474 0.838980 0.044302
0.000007 0.000133 0.943966 0.055450 0.000098 0.000347
0.409498 0.046563 0.000275 0.007471 0.000328 0.535865
0.000022 0.999909 0.000000 0.000000 0.000000 0.000069
0.038449 0.137963 0.247283 0.352501 0.153894 0.069910
0.000364 0.333119 0.000244 0.000990 0.014644 0.650640
0.449475 0.429302 0.000494 0.024785 0.029609 0.066335
0.006693 0.971983 0.005660 0.000633 0.000107 0.014924
0.000437 0.154034 0.202421 0.194324 0.064954 0.383830
0.001179 0.001949 0.300456 0.008482 0.000864 0.687069
0.000093 0.107791 0.864816 0.003678 0.000034 0.023588
0.018399 0.286763 0.008855 0.001894 0.002757 0.681331
0.020405 0.180551 0.002614 0.001584 0.000730 0.794116
0.000182 0.120788 0.000002 0.000004 0.000114 0.878910
0.147335 0.015171 0.002066 0.763146 0.000780 0.071502
0.000052 0.995883 0.000983 0.002345 0.000410 0.000326
0.537808 0.007981 0.048435 0.398755 0.001394 0.005628
0.113614 0.003465 0.147024 0.033138 0.151298 0.551461
0.124273 0.020959 0.016195 0.817043 0.000862 0.020668
0.010496 0.221868 0.482503 0.101429 0.002410 0.181294
0.135963 0.009548 0.209023 0.632580 0.008517 0.004370
0.004587 0.843352 0.002397 0.011797 0.000014 0.137853
0.000350 0.046765 0.000018 0.000406 0.556689 0.395773
0.005427 0.155662 0.004459 0.828592 0.000122 0.005736
0.397128 0.004149 0.001434 0.016024 0.020894 0.560371
0.009154 0.734040 0.000511 0.004453 0.000226 0.251616
0.012663 0.376329 0.000148 0.011188 0.000209 0.599463
0.046627 0.704611 0.001069 0.022910 0.007576 0.217208
0.795841 0.020937 0.169493 0.009750 0.000441 0.003537
0.039353 0.083340 0.689556 0.052721 0.055932 0.079098
0.001246 0.601745 0.176513 0.003200 0.007925 0.209371
0.002899 0.149324 0.004371 0.575203 0.008714 0.259489
0.001277 0.919604 0.000027 0.000184 0.000310 0.078598
0.001514 0.001404 0.001124 0.002090 0.002855 0.991014
0.002545 0.000010 0.005124 0.002133 0.001058 0.989130
0.000002 0.000013 0.002662 0.016171 0.980685 0.000467
0.037610 0.065644 0.347638 0.466741 0.012033 0.070334
0.086908 0.000008 0.001419 0.907439 0.003949 0.000278
0.010085 0.985328 0.000421 0.001295 0.000128 0.002742
0.000531 0.998255 0.000034 0.001092 0.000023 0.000065
0.990750 0.006772 0.000262 0.001257 0.000139 0.000820
0.000831 0.007938 0.234728 0.018517 0.008639 0.729346
0.000110 0.000022 0.872661 0.121867 0.001181 0.004160
0.000921 0.028706 0.576016 0.041401 0.027571 0.325386
0.230846 0.035846 0.592095 0.106753 0.027490 0.006969
0.147026 0.017534 0.008334 0.792502 0.024607 0.009996
0.212258 0.036882 0.019515 0.018382 0.024901 0.688062
0.125983 0.872191 0.000035 0.000145 0.000055 0.001591
0.136232 0.023260 0.067534 0.036727 0.003581 0.732667
0.003086 0.025937 0.298302 0.018698 0.009847 0.644130
0.000014 0.000030 0.993926 0.000180 0.000269 0.005582
0.033286 0.039764 0.618751 0.037399 0.195242 0.075559
0.439558 0.428403 0.043112 0.004580 0.041775 0.042572
0.002033 0.142783 0.088528 0.015918 0.003106 0.747632
0.006719 0.586161 0.000160 0.011290 0.323978 0.071691
0.006644 0.203328 0.000069 0.002066 0.781353 0.006541
0.000077 0.000146 0.861930 0.117867 0.000352 0.019628
0.000917 0.007765 0.017678 0.130747 0.027290 0.815604
0.006555 0.407228 0.113323 0.006161 0.044598 0.422135
0.000003 0.000023 0.014526 0.002080 0.024422 0.958947
0.012595 0.117992 0.001085 0.014393 0.008781 0.845154
0.002185 0.057166 0.002308 0.008260 0.627945 0.302136
0.001784 0.009510 0.045861 0.894627 0.008914 0.039304
0.001461 0.008855 0.399461 0.088436 0.005400 0.496387
0.002827 0.000054 0.728458 0.262152 0.000564 0.005945
0.003211 0.001476 0.000854 0.016136 0.264211 0.714113
0.057437 0.004835 0.003286 0.904927 0.001621 0.027893
0.016597 0.008209 0.001999 0.010501 0.000317 0.962376
0.021718 0.000027 0.000270 0.976409 0.000037 0.001538
0.001399 0.001330 0.572929 0.398406 0.008376 0.017560
0.537717 0.006770 0.231421 0.083506 0.009756 0.130830
0.384102 0.145368 0.038220 0.130927 0.036006 0.265377
0.014317 0.426246 0.003291 0.057062 0.011333 0.487751
0.006143 0.023336 0.000021 0.000266 0.000197 0.970037
0.988266 0.000014 0.000001 0.011713 0.000003 0.000004
0.000103 0.000015 0.001666 0.997736 0.000104 0.000376
0.001106 0.146442 0.100892 0.693556 0.028488 0.029517
0.818809 0.004963 0.016076 0.118238 0.014380 0.027533
0.035826 0.117883 0.000990 0.113642 0.567771 0.163888
0.001183 0.000006 0.000178 0.998622 0.000003 0.000009
0.002633 0.000051 0.000247 0.995164 0.000866 0.001039
0.060782 0.264098 0.000887 0.000794 0.001570 0.671869
0.000031 0.051498 0.003353 0.001311 0.000748 0.943059
0.000104 0.002998 0.024034 0.081760 0.006581 0.884522
0.684595 0.027874 0.007279 0.016328 0.010737 0.253187
0.031885 0.000170 0.028004 0.872793 0.056769 0.010380
0.002187 0.018053 0.212112 0.010651 0.002552 0.754446
0.001466 0.994816 0.002459 0.000096 0.000019 0.001145
0.001872 0.977843 0.000016 0.000005 0.000017 0.020247
0.000241 0.987871 0.003062 0.006278 0.000909 0.001639
0.000299 0.570544 0.000416 0.000152 0.000876 0.427714
0.001564 0.000267 0.000164 0.157586 0.608352 0.232067
