0.066694 0.125356 0.008230 0.137113 0.548066 0.114542
0.021876 0.037463 0.700793 0.173579 0.035203 0.031085
0.013583 0.010527 0.009805 0.949537 0.009021 0.007527
0.053455 0.117775 0.417280 0.327719 0.030532 0.053239
0.046034 0.044452 0.141764 0.573216 0.134954 0.059580
0.085383 0.238975 0.026896 0.241524 0.261462 0.145761
0.075791 0.034179 0.020164 0.156050 0.514667 0.199149
0.052308 0.039035 0.017369 0.100825 0.661724 0.128738
0.069495 0.043352 0.009293 0.080932 0.695134 0.101794
0.327104 0.077746 0.022553 0.069934 0.433211 0.069453
0.382493 0.020658 0.077665 0.269510 0.144262 0.105412
0.429088 0.021118 0.096347 0.272709 0.104401 0.076338
0.067160 0.344845 0.093550 0.214790 0.236234 0.043421
0.362651 0.013574 0.025302 0.510977 0.056124 0.031372
0.084676 0.507964 0.146719 0.172705 0.053693 0.034243
0.179366 0.089106 0.117605 0.151865 0.338083 0.123976
0.341042 0.103775 0.013809 0.188150 0.227491 0.125733
0.140676 0.054304 0.093945 0.385823 0.176050 0.149202
0.020555 0.013263 0.609773 0.279416 0.062377 0.014616
0.083814 0.262181 0.182439 0.350691 0.081505 0.039371
0.342018 0.094259 0.044430 0.103985 0.301844 0.113464
0.065552 0.505400 0.092414 0.065936 0.230803 0.039895
0.040548 0.154553 0.365558 0.188934 0.222154 0.028253
0.083772 0.290350 0.068192 0.267299 0.239226 0.051162
0.049978 0.059204 0.649060 0.085469 0.065785 0.090504
0.106612 0.117061 0.262202 0.207381 0.239026 0.067719
0.046188 0.374166 0.136817 0.187592 0.168245 0.086992
0.190422 0.230584 0.045919 0.129688 0.158622 0.244766
0.102852 0.025183 0.025171 0.034667 0.083923 0.728203
0.898984 0.003310 0.002553 0.028015 0.026743 0.040394
0.103419 0.208780 0.025522 0.295974 0.108208 0.258097
0.007121 0.027800 0.877407 0.064571 0.005488 0.017614
0.055726 0.062101 0.688687 0.131605 0.016499 0.045380
0.028298 0.335957 0.037043 0.491552 0.037746 0.069403
0.092433 0.087216 0.008427 0.023784 0.072696 0.715443
0.749168 0.053888 0.008512 0.044874 0.065005 0.078554
0.803102 0.034137 0.008534 0.022510 0.080020 0.051697
0.044005 0.172355 0.248818 0.245139 0.249270 0.040413
0.041443 0.070997 0.102585 0.654561 0.111500 0.018914
0.057071 0.179134 0.051890 0.277672 0.399985 0.034248
0.064192 0.065264 0.006326 0.044803 0.779425 0.039990
0.052123 0.264912 0.074886 0.089443 0.494811 0.023825
0.508412 0.031562 0.058485 0.254390 0.105510 0.041641
0.278508 0.103061 0.031701 0.209669 0.322454 0.054607
0.096904 0.495207 0.029262 0.126373 0.227760 0.024494
0.053993 0.223465 0.342954 0.200158 0.097597 0.081834
0.080524 0.168011 0.016138 0.122760 0.544523 0.068044
0.242898 0.076478 0.008740 0.029956 0.434206 0.207723
0.125207 0.036186 0.037934 0.071739 0.516322 0.212613
0.015988 0.043206 0.583023 0.188900 0.127437 0.041447
0.010848 0.523041 0.373511 0.059199 0.022686 0.010715
0.009673 0.088047 0.755046 0.117071 0.018233 0.011930
0.048716 0.152854 0.469206 0.126444 0.100444 0.102335
0.013485 0.023334 0.871383 0.057684 0.012509 0.021604
0.021850 0.022709 0.837648 0.072246 0.011241 0.034306
0.053143 0.047049 0.039556 0.779326 0.034074 0.046851
0.167507 0.188795 0.010353 0.065524 0.393931 0.173891
0.055886 0.057186 0.407988 0.185949 0.205069 0.087923
0.030947 0.115879 0.122638 0.222183 0.475259 0.033094
0.057405 0.081248 0.007330 0.054122 0.760376 0.039520
0.011343 0.474896 0.329755 0.080753 0.086326 0.016928
0.046248 0.101368 0.070071 0.273255 0.491325 0.017733
0.030542 0.213999 0.080143 0.381128 0.254549 0.039638
0.018189 0.057157 0.306580 0.413282 0.124012 0.080781
0.208723 0.213027 0.031953 0.093633 0.293969 0.158695
0.088466 0.008225 0.003457 0.028665 0.848080 0.023107
0.138574 0.064906 0.115647 0.387871 0.177567 0.115436
0.128747 0.116685 0.021977 0.411761 0.165641 0.155189
0.098401 0.110319 0.121496 0.222002 0.316934 0.130847
0.104614 0.019088 0.045053 0.754795 0.043931 0.032519
0.095858 0.397773 0.015642 0.114646 0.280080 0.096001
0.383146 0.016029 0.017807 0.067475 0.299693 0.215850
0.607235 0.064034 0.005995 0.064644 0.073647 0.184445
0.049215 0.035807 0.044549 0.072922 0.077973 0.719535
0.096940 0.133348 0.117215 0.286874 0.169305 0.196317
0.082092 0.184361 0.188450 0.221509 0.069767 0.253821
0.723417 0.096460 0.008464 0.066619 0.047558 0.057482
0.193809 0.106787 0.023331 0.106570 0.366958 0.202545
0.341505 0.040159 0.037651 0.202277 0.208136 0.170271
0.167224 0.015893 0.028899 0.713658 0.047271 0.027054
0.049243 0.091834 0.684047 0.131389 0.022096 0.021391
0.138333 0.239689 0.022006 0.226123 0.250857 0.122992
0.045309 0.304821 0.392873 0.154285 0.078446 0.024266
0.243986 0.289039 0.043523 0.060927 0.305617 0.056908
0.297957 0.026277 0.006991 0.284447 0.348539 0.035789
0.063842 0.070168 0.075977 0.116394 0.636385 0.037234
0.026620 0.831288 0.005510 0.023409 0.096486 0.016687
0.003534 0.017363 0.919675 0.049817 0.006857 0.002754
0.006546 0.004612 0.943953 0.037528 0.004720 0.002641
0.126049 0.377859 0.075657 0.250574 0.081182 0.088679
0.310210 0.073745 0.033450 0.067685 0.187900 0.327010
0.073973 0.511631 0.072129 0.217295 0.052867 0.072105
0.041490 0.478813 0.111618 0.216074 0.082587 0.069417
0.038279 0.165601 0.313129 0.204562 0.059999 0.218431
0.501029 0.176632 0.021653 0.102042 0.116109 0.082535
0.060282 0.121800 0.029153 0.116674 0.172130 0.499962
0.010289 0.004422 0.860934 0.102116 0.013071 0.009167
0.277430 0.057764 0.036114 0.150080 0.186825 0.291787
0.057117 0.048980 0.211529 0.323115 0.044856 0.314402
0.133329 0.093604 0.040475 0.069690 0.182480 0.480421
0.088123 0.090124 0.101658 0.213275 0.299049 0.207771
0.114370 0.033619 0.067448 0.098776 0.215574 0.470213
0.086599 0.145181 0.235070 0.254110 0.147515 0.131525
0.087743 0.445024 0.008701 0.038381 0.287941 0.132210
0.023289 0.032703 0.864986 0.048556 0.010518 0.019947
0.069883 0.434739 0.135634 0.188418 0.094960 0.076367
0.323416 0.011165 0.008516 0.071988 0.045238 0.539677
0.429755 0.159451 0.015531 0.106476 0.144952 0.143835
0.024296 0.214053 0.345394 0.167163 0.073741 0.175352
0.069860 0.022977 0.155848 0.562741 0.071682 0.116893
0.134043 0.170750 0.059521 0.192805 0.178147 0.264734
0.157422 0.023310 0.038184 0.701733 0.036841 0.042510
0.157269 0.259440 0.016645 0.098027 0.363069 0.105550
0.111045 0.053173 0.025651 0.178855 0.447991 0.183284
0.042237 0.030250 0.014011 0.558914 0.302642 0.051945
0.065428 0.053035 0.015810 0.146289 0.689475 0.029964
0.121544 0.213064 0.152070 0.276375 0.071636 0.165312
0.225149 0.232594 0.246282 0.221607 0.047572 0.026796
0.028317 0.639838 0.089464 0.106364 0.070894 0.065124
0.070214 0.117583 0.064839 0.315300 0.356874 0.075189
0.009413 0.023961 0.903827 0.039184 0.018081 0.005535
0.380941 0.040885 0.075806 0.378215 0.095801 0.028352
0.111747 0.310306 0.240369 0.220052 0.072912 0.044613
0.052342 0.681286 0.021604 0.048451 0.171563 0.024753
0.408938 0.112457 0.039120 0.257159 0.128660 0.053666
0.097024 0.151677 0.066675 0.122308 0.424162 0.138155
0.040536 0.159371 0.241044 0.418972 0.087113 0.052963
0.105918 0.182206 0.112489 0.308347 0.115088 0.175953
0.108217 0.034182 0.203035 0.201103 0.294909 0.158554
0.008529 0.022514 0.771986 0.167281 0.015960 0.013730
0.216270 0.091956 0.052972 0.441392 0.086313 0.111097
0.106089 0.078956 0.192052 0.374823 0.091868 0.156212
0.147197 0.060108 0.051497 0.216735 0.212989 0.311474
0.594651 0.017861 0.009743 0.069941 0.029072 0.278732
0.674662 0.067020 0.010654 0.057704 0.083559 0.106400
0.165806 0.048905 0.133538 0.287379 0.281275 0.083097
0.155730 0.043767 0.091554 0.461271 0.116286 0.131392
0.024040 0.132492 0.692555 0.091952 0.027588 0.031373
0.206790 0.038877 0.228149 0.153104 0.188228 0.184851
0.022980 0.236784 0.059121 0.530664 0.046563 0.103887
0.135061 0.079587 0.005616 0.040915 0.497575 0.241246
0.038059 0.234229 0.046078 0.132841 0.463595 0.085198
0.107604 0.018427 0.025062 0.147402 0.438419 0.263087
0.477064 0.032452 0.011277 0.120249 0.134075 0.224884
0.085923 0.203397 0.054385 0.298617 0.189238 0.168439
0.020561 0.058575 0.559404 0.283819 0.041883 0.035758
0.167470 0.043106 0.042810 0.127738 0.085833 0.533043
0.013038 0.068909 0.727380 0.162216 0.012871 0.015586
0.140069 0.257705 0.150813 0.147905 0.098762 0.204746
0.128115 0.036362 0.083317 0.620972 0.073873 0.057361
0.451267 0.093860 0.013378 0.105832 0.135280 0.200383
0.327130 0.093892 0.014792 0.095575 0.139064 0.329547
0.168334 0.062904 0.108869 0.224435 0.162023 0.273435
0.018714 0.019626 0.525727 0.349142 0.056916 0.029875
0.139556 0.357934 0.028082 0.084261 0.338261 0.051906
0.173043 0.190163 0.029276 0.152263 0.317199 0.138058
0.038302 0.046640 0.798999 0.077651 0.029825 0.008583
0.043498 0.285760 0.074875 0.148231 0.344058 0.103578
0.112997 0.067958 0.050941 0.417820 0.211163 0.139120
0.077162 0.011122 0.052498 0.087629 0.693547 0.078042
0.015325 0.019680 0.858851 0.088822 0.009069 0.008253
0.023417 0.682017 0.143451 0.073705 0.057956 0.019454
0.037108 0.039485 0.362618 0.316175 0.203853 0.040761
0.028674 0.010047 0.725686 0.143442 0.049847 0.042304
0.319348 0.060691 0.015513 0.100675 0.353632 0.150142
0.106899 0.030753 0.533740 0.215172 0.077300 0.036137
0.015171 0.722152 0.186423 0.053512 0.013260 0.009482
0.021794 0.589745 0.080157 0.200241 0.068176 0.039888
0.052835 0.429724 0.177229 0.154832 0.119051 0.066329
0.187295 0.013907 0.004439 0.028870 0.730559 0.034930
0.071997 0.053955 0.113436 0.201620 0.508553 0.050439
0.081205 0.058608 0.282643 0.381646 0.046767 0.149130
0.284305 0.008938 0.045060 0.568017 0.061575 0.032105
0.152776 0.288984 0.113008 0.253152 0.078939 0.113141
0.007077 0.018198 0.903998 0.052572 0.008788 0.009367
0.061765 0.040792 0.672129 0.122242 0.025562 0.077510
0.635587 0.032344 0.008849 0.203383 0.073921 0.045915
0.062627 0.133401 0.008927 0.058339 0.575393 0.161313
0.089801 0.112298 0.143559 0.181986 0.448048 0.024307
0.032186 0.099364 0.083800 0.475987 0.290732 0.017931
0.342532 0.070881 0.034989 0.105413 0.075718 0.370466
0.181591 0.023570 0.020913 0.074132 0.067413 0.632380
0.033693 0.098615 0.098443 0.647194 0.057291 0.064763
0.311067 0.058693 0.029604 0.172314 0.052042 0.376280
0.900619 0.009676 0.001376 0.047274 0.021847 0.019206
0.045900 0.194268 0.409767 0.195102 0.090825 0.064137
0.033436 0.215638 0.133337 0.545683 0.054163 0.017743
0.016221 0.081142 0.137773 0.719687 0.028019 0.017158
0.079570 0.054540 0.057255 0.211026 0.268749 0.328860
0.080309 0.062037 0.400357 0.245587 0.157762 0.053949
0.088538 0.153633 0.013581 0.223516 0.437764 0.082968
0.053927 0.266123 0.091625 0.193906 0.325447 0.068971
0.054700 0.019451 0.157726 0.200755 0.523389 0.043979
0.012596 0.049960 0.710933 0.179955 0.038767 0.007789
0.127767 0.062623 0.020525 0.280473 0.467640 0.040972
0.080353 0.129088 0.047078 0.212968 0.480243 0.050270
0.102768 0.231541 0.112657 0.367364 0.112808 0.072862
0.048205 0.183356 0.362594 0.201501 0.161771 0.042574
0.129006 0.047981 0.448901 0.259430 0.076914 0.037767
0.012516 0.005998 0.807752 0.156569 0.008032 0.009133
0.068905 0.072856 0.052769 0.565158 0.126342 0.113969
0.054338 0.121723 0.375499 0.295119 0.079156 0.074165
0.088197 0.069750 0.017043 0.062042 0.590554 0.172413
0.550239 0.023959 0.007500 0.095786 0.198418 0.124098
0.044216 0.070241 0.155438 0.150463 0.323467 0.256174
0.121788 0.176034 0.005645 0.023872 0.619114 0.053548
0.005436 0.023659 0.889987 0.064603 0.008384 0.007931
0.029680 0.052126 0.499759 0.236805 0.026261 0.155369
0.164113 0.200300 0.034525 0.416376 0.072671 0.112015
0.056995 0.082599 0.504585 0.069002 0.022544 0.264274
0.573316 0.140010 0.032929 0.082518 0.035712 0.135516
0.033025 0.014283 0.003803 0.098465 0.019838 0.830586
0.313361 0.028565 0.004992 0.022845 0.040022 0.590216
0.458013 0.036133 0.003820 0.039284 0.204274 0.258476
0.021355 0.623174 0.005424 0.033332 0.154177 0.162538
0.051877 0.013098 0.025002 0.827307 0.042289 0.040428
0.048851 0.025359 0.018732 0.118964 0.093662 0.694431
0.735806 0.037034 0.003511 0.034885 0.039567 0.149197
0.120406 0.124973 0.334576 0.177217 0.094922 0.147906
0.022950 0.050728 0.474778 0.373778 0.023797 0.053970
0.141211 0.282723 0.019079 0.212607 0.132448 0.211933
0.316473 0.038709 0.011664 0.077592 0.394397 0.161166
0.099127 0.280466 0.239065 0.206033 0.074876 0.100432
0.126207 0.058740 0.194211 0.510875 0.024022 0.085944
0.066125 0.134130 0.059121 0.575664 0.119028 0.045934
0.119557 0.076993 0.120292 0.444750 0.163791 0.074617
0.175812 0.019162 0.030155 0.224417 0.465459 0.084995
0.143171 0.111775 0.089552 0.272093 0.297390 0.086018
0.075307 0.406054 0.068802 0.248402 0.105213 0.096222
0.085633 0.076194 0.251956 0.350180 0.135189 0.100848
0.056031 0.239902 0.215864 0.348981 0.095717 0.043505
0.096462 0.347067 0.039913 0.087752 0.362764 0.066042
0.474914 0.029803 0.016952 0.181328 0.255058 0.041946
0.079050 0.154781 0.027532 0.275647 0.256008 0.206982
0.022267 0.083046 0.547598 0.278018 0.038355 0.030715
0.048178 0.055856 0.017335 0.087170 0.759317 0.032145
0.109317 0.039822 0.017816 0.080926 0.641034 0.111084
0.074481 0.051328 0.052262 0.347225 0.422416 0.052287
0.057338 0.078830 0.051252 0.257923 0.504705 0.049952
0.051093 0.095260 0.014631 0.147940 0.586253 0.104823
0.203266 0.022025 0.014310 0.269452 0.426731 0.064216
0.068125 0.042840 0.119474 0.248869 0.470777 0.049915
0.023792 0.126473 0.442642 0.360933 0.031686 0.014474
0.036060 0.060399 0.021410 0.603721 0.232247 0.046162
0.022345 0.449081 0.079258 0.217643 0.178047 0.053626
0.138366 0.037390 0.015232 0.350483 0.407391 0.051140
0.087989 0.172322 0.316530 0.257047 0.126129 0.039984
0.002331 0.008397 0.938261 0.047360 0.002341 0.001310
0.185010 0.150470 0.018075 0.230380 0.288489 0.127575
0.031068 0.273164 0.051667 0.222422 0.298766 0.122914
0.180372 0.006550 0.001751 0.022437 0.740541 0.048350
0.053070 0.022210 0.001819 0.015472 0.893956 0.013473
0.010262 0.018624 0.899827 0.044551 0.017327 0.009408
0.024322 0.444571 0.326963 0.112426 0.055012 0.036706
0.065832 0.051909 0.477978 0.217469 0.107268 0.079542
0.113933 0.120416 0.122681 0.159352 0.333159 0.150458
0.008289 0.010661 0.926977 0.031211 0.008551 0.014311
0.046323 0.405630 0.068367 0.238499 0.159418 0.081763
0.361435 0.047226 0.047665 0.077107 0.097798 0.368770
0.054652 0.428533 0.188157 0.082781 0.095231 0.150646
0.257335 0.161801 0.035153 0.263330 0.232512 0.049868
0.135848 0.174586 0.025575 0.165788 0.177945 0.320258
0.016584 0.023912 0.774549 0.099546 0.030640 0.054769
0.032503 0.117927 0.062173 0.500211 0.095063 0.192122
0.033352 0.263945 0.157541 0.293211 0.121906 0.130043
0.204206 0.072606 0.024983 0.166626 0.252964 0.278615
0.032960 0.045537 0.050048 0.632244 0.142239 0.096972
0.680006 0.014236 0.006471 0.079874 0.101843 0.117571
0.093074 0.143242 0.022938 0.153872 0.365496 0.221377
0.083235 0.143537 0.256759 0.338896 0.153931 0.023642
0.013720 0.126691 0.600771 0.196011 0.039095 0.023712
0.064827 0.091299 0.010675 0.308698 0.483545 0.040956
0.032097 0.021193 0.256809 0.522169 0.126941 0.040791
0.109593 0.105230 0.005918 0.059629 0.673251 0.046379
0.102196 0.045295 0.019583 0.088237 0.677134 0.067555
0.061554 0.015211 0.016767 0.281032 0.581039 0.044396
0.212263 0.043763 0.026508 0.116253 0.518947 0.082266
0.024317 0.281331 0.155626 0.360580 0.153202 0.024944
0.040453 0.056199 0.045349 0.661976 0.149284 0.046738
0.063478 0.198237 0.187961 0.316521 0.129223 0.104580
0.025501 0.226070 0.353504 0.287607 0.062128 0.045191
0.046385 0.146663 0.159992 0.259704 0.115652 0.271604
0.089778 0.112730 0.614558 0.126480 0.020714 0.035740
0.050482 0.182368 0.291144 0.205304 0.028840 0.241861
0.630279 0.121053 0.059581 0.060670 0.029180 0.099237
0.272702 0.057950 0.027520 0.234730 0.148127 0.258970
0.130411 0.078541 0.017868 0.044000 0.266709 0.462470
0.937144 0.003139 0.001313 0.019638 0.013231 0.025535
0.758787 0.043046 0.006125 0.058167 0.039046 0.094828
0.057038 0.054102 0.019692 0.253696 0.072766 0.542706
0.124773 0.021930 0.038934 0.667986 0.043957 0.102420
0.156361 0.036645 0.048677 0.610129 0.060037 0.088151
0.212794 0.117439 0.083882 0.169846 0.107809 0.308230
0.463561 0.054568 0.019138 0.155613 0.127097 0.180023
0.077022 0.111923 0.187855 0.509248 0.084150 0.029802
0.225482 0.266944 0.056921 0.193334 0.140397 0.116922
0.140957 0.035593 0.012042 0.563138 0.129092 0.119178
0.151854 0.061690 0.032821 0.637624 0.068292 0.047719
0.119916 0.087362 0.023386 0.172706 0.481841 0.114789
0.014595 0.050156 0.727948 0.167701 0.027392 0.012208
0.091879 0.563429 0.048017 0.171044 0.079034 0.046597
0.118212 0.055072 0.286098 0.339036 0.142350 0.059233
0.331606 0.082687 0.093136 0.196466 0.149319 0.146785
0.038206 0.633210 0.015174 0.070833 0.160544 0.082032
0.143024 0.045548 0.188197 0.183223 0.228366 0.211641
0.085803 0.043800 0.364924 0.306111 0.124463 0.074899
0.052650 0.051608 0.192751 0.355155 0.215396 0.132439
0.504512 0.015639 0.003015 0.076693 0.374663 0.025478
0.069619 0.145648 0.027119 0.257088 0.299008 0.201518
0.104047 0.069656 0.127687 0.406109 0.191288 0.101214
0.012634 0.891734 0.010672 0.042598 0.028964 0.013398
0.144592 0.108820 0.041508 0.484965 0.114690 0.105425
0.107825 0.189877 0.025983 0.133654 0.300939 0.241723
0.211861 0.020267 0.133249 0.149148 0.318519 0.166957
0.042130 0.049229 0.471984 0.325866 0.046007 0.064784
0.077867 0.054903 0.291933 0.279903 0.195396 0.099999
0.114320 0.178781 0.116638 0.218991 0.326851 0.044419
0.014662 0.223276 0.525847 0.207611 0.021508 0.007095
0.054272 0.222834 0.213725 0.191635 0.268247 0.049287
0.442725 0.020252 0.007431 0.078962 0.432408 0.018223
0.390262 0.016614 0.020988 0.397848 0.117017 0.057271
0.101145 0.155447 0.140473 0.269025 0.288376 0.045535
0.151659 0.176768 0.075027 0.420862 0.125373 0.050311
0.010260 0.075024 0.826716 0.056837 0.022999 0.008164
0.446461 0.323485 0.038051 0.079223 0.066289 0.046490
0.011465 0.039380 0.710493 0.175315 0.040121 0.023226
0.026508 0.059203 0.472648 0.257428 0.154183 0.030031
0.047613 0.511324 0.015358 0.234766 0.157803 0.033136
0.235490 0.098122 0.154483 0.096268 0.273854 0.141782
0.082646 0.034260 0.033320 0.087923 0.713603 0.048248
0.025896 0.489948 0.210591 0.121067 0.126082 0.026416
0.143353 0.067564 0.062516 0.147557 0.433468 0.145542
0.551769 0.006465 0.006489 0.073748 0.313623 0.047906
0.693058 0.024411 0.007869 0.048387 0.019208 0.207067
0.094843 0.333259 0.081187 0.198823 0.057039 0.234849
0.163344 0.040949 0.038576 0.036862 0.033724 0.686544
0.092712 0.017518 0.025815 0.034053 0.013753 0.816150
0.367302 0.064938 0.017620 0.080289 0.051255 0.418597
0.037057 0.022311 0.024014 0.031896 0.015615 0.869106
0.593272 0.053607 0.042819 0.065353 0.014811 0.230138
0.057792 0.097043 0.106162 0.194747 0.032842 0.511415
0.037084 0.051522 0.023548 0.030842 0.022233 0.834773
0.112052 0.137752 0.048273 0.162564 0.442077 0.097282
0.040202 0.573321 0.072500 0.088579 0.206802 0.018596
0.087071 0.203387 0.104377 0.291359 0.169612 0.144194
0.057897 0.162603 0.072332 0.263504 0.329120 0.114544
0.083524 0.051057 0.174363 0.151169 0.272969 0.266918
0.125868 0.076125 0.163745 0.270479 0.301594 0.062188
0.141390 0.092085 0.046203 0.171331 0.350955 0.198037
0.179127 0.170642 0.229990 0.150770 0.185429 0.084042
0.021939 0.558126 0.160451 0.168771 0.056460 0.034253
0.223142 0.031354 0.061476 0.369285 0.157775 0.156969
0.122283 0.081896 0.086441 0.362434 0.145984 0.200962
0.087613 0.076168 0.181952 0.215229 0.095593 0.343445
0.080691 0.142685 0.076348 0.159597 0.209170 0.331510
0.030505 0.029462 0.392174 0.393262 0.072062 0.082535
0.101436 0.084780 0.028931 0.263640 0.298756 0.222458
0.025504 0.044574 0.732521 0.140145 0.021968 0.035287
0.007454 0.091237 0.780259 0.102501 0.011053 0.007496
0.151407 0.044759 0.012659 0.544182 0.112868 0.134125
0.283659 0.017514 0.020636 0.297947 0.212359 0.167885
0.108359 0.140904 0.132970 0.342148 0.121709 0.153910
0.085467 0.145775 0.267336 0.230636 0.082082 0.188704
0.073453 0.149058 0.063122 0.259290 0.199007 0.256070
0.027082 0.037179 0.257691 0.523360 0.093960 0.060729
0.127387 0.060771 0.015220 0.125038 0.411295 0.260289
0.025519 0.024929 0.782178 0.113273 0.020046 0.034055
0.006802 0.064078 0.708685 0.205983 0.009697 0.004756
0.388129 0.045548 0.006571 0.306795 0.098441 0.154515
0.415027 0.042985 0.058096 0.090529 0.177350 0.216012
0.030166 0.115295 0.045308 0.705884 0.072025 0.031322
0.025717 0.054171 0.536838 0.305960 0.039584 0.037730
0.240417 0.042679 0.014077 0.074753 0.552929 0.075145
0.018792 0.746658 0.031519 0.101079 0.072351 0.029601
0.031433 0.023437 0.490008 0.379636 0.055698 0.019788
0.407479 0.013956 0.018035 0.344927 0.146639 0.068963
0.089530 0.090203 0.459902 0.162517 0.086249 0.111598
0.024412 0.008460 0.624453 0.264084 0.046618 0.031972
0.250722 0.069213 0.167857 0.074684 0.205785 0.231740
0.551614 0.009854 0.013415 0.278065 0.108724 0.038328
0.173956 0.072893 0.050413 0.379304 0.241704 0.081731
0.212344 0.070159 0.025685 0.175234 0.471646 0.044932
0.043966 0.761952 0.007909 0.054140 0.093904 0.038130
0.083053 0.072344 0.078298 0.168801 0.500023 0.097481
0.046707 0.042466 0.009558 0.051738 0.544739 0.304791
0.013216 0.011186 0.802366 0.147348 0.016765 0.009118
0.019878 0.040589 0.099472 0.815083 0.013930 0.011047
0.124589 0.187157 0.241244 0.265286 0.111791 0.069933
0.122588 0.104784 0.117413 0.248186 0.374170 0.032859
0.032513 0.260136 0.479657 0.133174 0.074409 0.020111
0.225165 0.123890 0.012476 0.112660 0.454533 0.071277
0.234131 0.043095 0.010946 0.033271 0.585913 0.092644
0.742047 0.036366 0.009850 0.051818 0.107723 0.052196
0.067468 0.360082 0.058857 0.119896 0.341081 0.052616
0.131247 0.050603 0.042853 0.110323 0.604521 0.060453
0.301586 0.175279 0.019584 0.096269 0.355448 0.051834
0.044180 0.024942 0.516227 0.105547 0.022301 0.286803
0.383071 0.047016 0.250311 0.228366 0.024637 0.066599
0.047066 0.093833 0.008837 0.653848 0.101806 0.094609
0.477099 0.035845 0.022361 0.320645 0.047075 0.096974
0.249366 0.112613 0.026766 0.080435 0.457281 0.073540
0.024445 0.028700 0.018598 0.855238 0.046304 0.026715
0.180669 0.017226 0.002630 0.070222 0.696871 0.032381
0.101740 0.100748 0.110310 0.178389 0.382969 0.125844
0.051142 0.170062 0.341669 0.322160 0.061875 0.053092
0.081727 0.131070 0.040469 0.222676 0.294765 0.229293
0.129283 0.047375 0.029088 0.387149 0.351069 0.056038
0.204898 0.218323 0.030521 0.146551 0.147365 0.252342
0.112400 0.131591 0.175757 0.217423 0.162995 0.199835
0.064955 0.032682 0.098995 0.617360 0.075242 0.110766
0.194144 0.106976 0.122027 0.167676 0.095351 0.313825
0.169478 0.080695 0.077599 0.184791 0.224286 0.263152
0.051309 0.177414 0.492566 0.107915 0.070389 0.100407
0.025832 0.068456 0.470384 0.349729 0.041148 0.044450
0.433867 0.216938 0.008344 0.106052 0.134887 0.099913
0.064509 0.174671 0.014891 0.118133 0.491789 0.136007
0.102859 0.023724 0.007612 0.065447 0.666350 0.134009
0.081446 0.040971 0.012180 0.083729 0.702275 0.079399
0.154396 0.013724 0.059223 0.698993 0.041463 0.032201
0.622825 0.022827 0.033615 0.196845 0.055061 0.068827
0.073326 0.442235 0.067141 0.165068 0.142714 0.109515
0.117720 0.067225 0.006882 0.101967 0.641012 0.065194
0.081451 0.161531 0.026660 0.139909 0.380853 0.209596
0.276475 0.067349 0.023093 0.134073 0.303152 0.195858
0.287474 0.007692 0.022716 0.118828 0.150849 0.412442
0.814700 0.016990 0.003942 0.042600 0.056414 0.065353
0.066756 0.073395 0.124390 0.278756 0.355385 0.101318
0.012872 0.827419 0.015067 0.039575 0.083521 0.021546
0.012616 0.609525 0.136841 0.151045 0.079071 0.010902
0.032942 0.036051 0.020281 0.067973 0.826813 0.015939
0.085962 0.084034 0.045148 0.156992 0.541252 0.086613
0.051826 0.073932 0.103500 0.434112 0.304698 0.031932
0.124333 0.112093 0.021034 0.111981 0.155798 0.474760
0.057849 0.026465 0.078683 0.401313 0.164477 0.271213
0.250866 0.092620 0.011412 0.146604 0.318917 0.179580
0.009682 0.040051 0.741967 0.156056 0.027082 0.025161
0.213874 0.178043 0.118206 0.153767 0.166729 0.169381
0.003755 0.018026 0.910243 0.058795 0.004832 0.004349
0.075750 0.274676 0.027564 0.123723 0.422932 0.075355
0.036197 0.064238 0.605329 0.149907 0.038092 0.106237
0.032789 0.075297 0.700691 0.095804 0.055995 0.039423
0.042045 0.038554 0.722056 0.095968 0.038250 0.063127
0.096110 0.113602 0.240961 0.272276 0.082447 0.194604
0.513902 0.015359 0.007501 0.144331 0.244646 0.074261
0.149982 0.064200 0.050961 0.065328 0.184031 0.485498
0.803293 0.023954 0.010750 0.085064 0.042033 0.034907
0.235651 0.087313 0.004844 0.067154 0.278790 0.326248
0.005009 0.006789 0.912086 0.065930 0.005490 0.004696
0.027622 0.082039 0.655627 0.174213 0.032514 0.027984
0.048173 0.420996 0.053794 0.410600 0.044420 0.022016
0.026309 0.829648 0.025305 0.065235 0.032355 0.021147
0.053840 0.645975 0.044376 0.044766 0.169301 0.041742
0.208786 0.029617 0.010380 0.034883 0.651971 0.064363
0.088305 0.131756 0.029888 0.091548 0.598466 0.060037
0.455906 0.014145 0.030405 0.313581 0.112926 0.073037
0.008269 0.947824 0.002640 0.011723 0.018608 0.010937
0.046198 0.181795 0.124864 0.127997 0.080015 0.439131
0.760795 0.022499 0.014988 0.149537 0.017624 0.034557
0.063476 0.110101 0.004734 0.043645 0.204012 0.574032
0.080685 0.013244 0.008148 0.032783 0.846803 0.018337
0.152330 0.051679 0.059284 0.231263 0.324949 0.180496
0.048540 0.026688 0.102859 0.608866 0.194562 0.018486
0.013733 0.881760 0.034390 0.042697 0.022077 0.005343
0.099232 0.078236 0.099699 0.645238 0.046554 0.031041
0.119522 0.150351 0.004330 0.034505 0.639099 0.052194
0.388311 0.035580 0.024897 0.042450 0.374276 0.134485
0.099818 0.139952 0.052278 0.366632 0.274743 0.066577
0.016201 0.034662 0.615758 0.304658 0.017829 0.010891
0.130986 0.023619 0.029082 0.169850 0.616100 0.030362
0.445133 0.016825 0.010466 0.045260 0.336885 0.145432
0.052313 0.085149 0.040960 0.586829 0.178410 0.056340
0.097544 0.074927 0.350005 0.161549 0.184423 0.131552
0.127057 0.070255 0.153449 0.480990 0.041109 0.127139
0.013178 0.608857 0.121759 0.184531 0.045542 0.026132
0.225635 0.151013 0.017139 0.074981 0.158555 0.372677
0.345120 0.043977 0.044659 0.297941 0.118175 0.150128
0.161323 0.051960 0.017328 0.230252 0.150730 0.388408
0.129199 0.061837 0.008140 0.056835 0.440979 0.303011
0.071006 0.212781 0.022872 0.141478 0.511185 0.040678
0.225289 0.069591 0.054365 0.111616 0.485689 0.053449
0.044149 0.121870 0.345512 0.421106 0.037089 0.030273
0.064161 0.014223 0.039043 0.810781 0.051517 0.020275
0.109054 0.095764 0.021464 0.442651 0.277084 0.053983
0.185536 0.141681 0.337184 0.102186 0.121287 0.112126
0.366621 0.050608 0.009387 0.159182 0.274367 0.139835
0.073560 0.343024 0.039301 0.306638 0.123129 0.114348
0.050664 0.021933 0.096039 0.749562 0.048142 0.033659
0.223802 0.029937 0.017565 0.183573 0.136367 0.408757
0.105938 0.168545 0.073576 0.109861 0.082959 0.459121
0.477959 0.042196 0.013956 0.021136 0.035979 0.408774
0.647688 0.037157 0.010290 0.088711 0.023494 0.192660
0.021880 0.560230 0.025177 0.120432 0.149031 0.123251
0.104501 0.129079 0.028930 0.148162 0.215797 0.373531
0.116621 0.071849 0.081089 0.198903 0.120012 0.411525
0.017735 0.024874 0.694930 0.227358 0.011911 0.023192
0.838877 0.020110 0.006210 0.026782 0.053965 0.054055
0.033081 0.684517 0.004847 0.059712 0.142392 0.075451
0.042914 0.409877 0.090570 0.148629 0.156212 0.151799
0.093407 0.604396 0.117130 0.102059 0.051120 0.031888
0.061004 0.088639 0.010432 0.194938 0.552783 0.092204
0.019633 0.055030 0.007587 0.092822 0.815198 0.009730
0.041743 0.303760 0.081276 0.182264 0.349337 0.041621
0.068008 0.178703 0.015444 0.458560 0.246576 0.032710
0.083703 0.027325 0.008561 0.473760 0.253312 0.153338
0.056041 0.058144 0.113083 0.557373 0.133818 0.081541
0.157730 0.029419 0.015949 0.644081 0.121503 0.031319
0.149499 0.049275 0.037371 0.062614 0.499163 0.202078
0.176458 0.100764 0.095184 0.202524 0.194778 0.230292
0.236749 0.040679 0.119615 0.390285 0.084865 0.127807
0.773277 0.060964 0.011339 0.052775 0.048275 0.053369
0.071484 0.274193 0.050473 0.185546 0.292030 0.126275
0.148235 0.071377 0.021676 0.324840 0.308815 0.125057
0.041034 0.035938 0.281216 0.488551 0.110561 0.042700
0.028641 0.589440 0.090609 0.143176 0.105439 0.042695
0.099159 0.016174 0.010182 0.042146 0.615166 0.217173
0.038840 0.131484 0.026275 0.206014 0.500620 0.096766
0.015647 0.383716 0.367384 0.145392 0.072552 0.015309
0.102332 0.017844 0.006604 0.054591 0.653181 0.165447
0.037786 0.367872 0.043208 0.328489 0.192104 0.030541
0.017179 0.524378 0.110328 0.255327 0.070163 0.022625
0.048696 0.040618 0.010757 0.383282 0.427432 0.089216
0.051674 0.067708 0.009225 0.145535 0.677876 0.047981
0.093617 0.101852 0.069397 0.226231 0.357729 0.151174
0.062266 0.088446 0.250077 0.321175 0.096624 0.181413
0.042307 0.184332 0.223440 0.388271 0.067470 0.094181
0.378060 0.034191 0.006164 0.041348 0.220632 0.319604
0.070417 0.216248 0.161331 0.317984 0.156742 0.077279
0.155573 0.070703 0.039378 0.497538 0.082583 0.154224
0.270261 0.027082 0.088196 0.140291 0.073989 0.400182
0.045953 0.033516 0.290480 0.512989 0.039472 0.077591
0.076459 0.020004 0.006126 0.020970 0.017326 0.859115
0.412955 0.062388 0.014148 0.308272 0.141539 0.060699
0.136290 0.196636 0.014857 0.082273 0.438309 0.131635
0.315668 0.035454 0.014324 0.368904 0.223326 0.042325
0.384477 0.144150 0.010921 0.084289 0.232941 0.143223
0.102659 0.217904 0.260458 0.182350 0.139374 0.097255
0.131243 0.060044 0.008755 0.056478 0.650886 0.092595
0.086082 0.075647 0.139263 0.332825 0.337299 0.028885
0.155007 0.034845 0.050973 0.110852 0.210934 0.437389
0.654257 0.046000 0.009656 0.139896 0.118327 0.031863
0.106587 0.691738 0.008442 0.084250 0.043620 0.065363
0.090703 0.518467 0.080333 0.172130 0.064119 0.074247
0.045662 0.031865 0.051306 0.173848 0.062133 0.635185
0.844857 0.018416 0.003171 0.030877 0.058614 0.044065
0.040833 0.077468 0.056090 0.311492 0.180692 0.333425
0.223774 0.047494 0.036223 0.321838 0.142090 0.228581
0.147816 0.064896 0.047473 0.477453 0.098507 0.163856
0.055100 0.033426 0.340450 0.378750 0.042882 0.149393
0.252601 0.186286 0.048576 0.162575 0.129082 0.220880
0.233822 0.048398 0.072926 0.110621 0.356044 0.178190
0.007545 0.026746 0.844181 0.083379 0.021075 0.017074
0.031913 0.709786 0.054318 0.060165 0.068232 0.075586
0.422139 0.139566 0.078708 0.207024 0.051210 0.101354
0.056283 0.240517 0.030798 0.095237 0.434235 0.142930
0.093985 0.022083 0.007275 0.035659 0.669532 0.171465
0.127327 0.106423 0.217640 0.171481 0.216287 0.160843
0.090615 0.080871 0.175172 0.275051 0.237245 0.141046
0.215782 0.025707 0.013580 0.606262 0.064178 0.074491
0.069265 0.275654 0.474509 0.057384 0.074069 0.049119
0.057081 0.057044 0.315174 0.441642 0.065014 0.064045
0.017751 0.661886 0.119776 0.126423 0.061743 0.012421
0.031943 0.104675 0.732755 0.085604 0.023002 0.022020
0.039067 0.210261 0.182705 0.353304 0.171285 0.043377
0.043999 0.217612 0.144933 0.274540 0.200148 0.118769
0.018685 0.007498 0.897381 0.049196 0.018895 0.008344
0.094418 0.197864 0.133635 0.110463 0.381108 0.082512
0.191136 0.047520 0.110845 0.270577 0.156805 0.223117
0.012246 0.014710 0.008879 0.015724 0.009247 0.939193
0.531609 0.050923 0.035793 0.090696 0.019478 0.271500
0.093084 0.082501 0.343070 0.142415 0.019746 0.319185
0.078964 0.056479 0.113852 0.063895 0.023924 0.662886
0.252032 0.318966 0.034105 0.138796 0.030573 0.225527
0.038947 0.012623 0.010194 0.033249 0.024686 0.880302
0.416067 0.091030 0.020624 0.100013 0.154989 0.217278
0.022738 0.045939 0.040106 0.077513 0.037015 0.776690
0.614782 0.022937 0.013462 0.045604 0.078771 0.224444
0.081023 0.074770 0.011971 0.197771 0.562529 0.071936
0.026537 0.396203 0.314131 0.119938 0.119475 0.023716
0.108134 0.312470 0.164371 0.176672 0.181650 0.056703
0.005137 0.890267 0.056183 0.030411 0.013798 0.004205
0.051636 0.079722 0.456214 0.134889 0.094648 0.182891
0.523935 0.036905 0.149224 0.118217 0.104589 0.067130
0.061498 0.122697 0.027886 0.176606 0.323605 0.287708
0.095157 0.051130 0.016357 0.270478 0.472680 0.094199
0.057759 0.080735 0.392580 0.238345 0.118059 0.112522
0.031842 0.071818 0.292384 0.494393 0.073195 0.036368
0.099904 0.082945 0.086973 0.593110 0.070646 0.066422
0.629914 0.029952 0.012667 0.096177 0.126986 0.104305
0.234957 0.230883 0.072070 0.079838 0.315869 0.066382
0.198371 0.074148 0.228608 0.083359 0.238420 0.177095
0.220199 0.189580 0.239284 0.286018 0.037429 0.027489
0.017619 0.077453 0.010698 0.107559 0.745496 0.041175
0.088622 0.281478 0.070834 0.163693 0.299253 0.096120
0.181825 0.164442 0.220622 0.250476 0.116595 0.066040
0.030482 0.116562 0.307825 0.370011 0.092786 0.082334
0.172217 0.057959 0.136660 0.231129 0.199787 0.202248
0.021117 0.613727 0.089775 0.123306 0.061585 0.090490
0.075395 0.332711 0.119380 0.075556 0.133544 0.263414
0.795653 0.014169 0.008206 0.076400 0.031953 0.073620
0.054915 0.125141 0.329952 0.134521 0.024855 0.330615
0.835275 0.012468 0.005124 0.049564 0.014570 0.083000
0.031420 0.091021 0.087175 0.054309 0.023206 0.712869
0.886642 0.008738 0.003735 0.022942 0.014258 0.063686
0.007061 0.918585 0.012618 0.026492 0.021717 0.013526
0.148984 0.241343 0.061959 0.227672 0.126526 0.193516
0.146123 0.032303 0.102425 0.506242 0.130811 0.082096
0.093020 0.271971 0.061121 0.318142 0.166322 0.089424
0.173288 0.032049 0.013930 0.465742 0.249071 0.065920
0.077031 0.540802 0.071966 0.098508 0.150039 0.061653
0.106238 0.165087 0.170986 0.343696 0.141005 0.072988
0.034520 0.083883 0.191525 0.584834 0.060472 0.044766
0.161452 0.077278 0.047868 0.312211 0.237015 0.164176
0.353804 0.039904 0.025978 0.274865 0.135288 0.170161
0.041002 0.140596 0.063963 0.502035 0.162021 0.090383
0.066649 0.043489 0.003606 0.044465 0.786623 0.055168
0.083213 0.041628 0.004747 0.021544 0.808723 0.040145
0.104383 0.018383 0.059904 0.446630 0.281592 0.089109
0.045038 0.155108 0.115030 0.296290 0.294530 0.094004
0.140261 0.109812 0.147298 0.435432 0.061669 0.105528
0.041193 0.033305 0.074616 0.779028 0.041239 0.030620
0.082394 0.052528 0.030333 0.080517 0.169265 0.584963
0.010048 0.181081 0.543159 0.185601 0.061987 0.018124
0.078679 0.174558 0.155058 0.292079 0.268062 0.031563
0.006955 0.108283 0.795150 0.077668 0.007018 0.004925
0.151929 0.265698 0.080843 0.308328 0.130502 0.062700
0.041542 0.166607 0.016504 0.112754 0.606969 0.055624
0.062182 0.111830 0.286065 0.238265 0.224211 0.077447
0.137302 0.082603 0.016920 0.101615 0.613929 0.047631
0.084665 0.286996 0.006169 0.209372 0.361315 0.051483
0.069636 0.127461 0.041916 0.067432 0.391158 0.302397
0.020428 0.037171 0.502439 0.354451 0.057765 0.027746
0.254359 0.034454 0.059500 0.147760 0.091637 0.412291
0.032113 0.078811 0.776172 0.059488 0.015325 0.038092
0.365584 0.029653 0.022425 0.068713 0.312878 0.200747
0.051523 0.054450 0.056990 0.136595 0.050786 0.649656
0.809702 0.022374 0.005836 0.039636 0.037534 0.084917
0.077826 0.047277 0.031103 0.077363 0.439359 0.327071
0.130329 0.064537 0.058625 0.210406 0.311848 0.224256
0.015836 0.020111 0.832157 0.100552 0.022859 0.008485
0.041006 0.219566 0.372064 0.102198 0.077262 0.187905
0.652295 0.031991 0.008676 0.039994 0.205056 0.061988
0.037818 0.175822 0.048558 0.484070 0.190129 0.063603
0.003429 0.035881 0.911705 0.039336 0.005667 0.003982
0.192205 0.130670 0.038662 0.302566 0.152057 0.183840
0.030594 0.472411 0.271151 0.077602 0.091884 0.056358
0.114823 0.064285 0.259121 0.376104 0.084714 0.100953
0.027974 0.242983 0.377507 0.252205 0.065027 0.034304
0.193384 0.105518 0.029957 0.083878 0.248642 0.338621
0.064037 0.060081 0.096519 0.104539 0.076509 0.598314
0.652817 0.029266 0.008157 0.041375 0.175473 0.092912
0.042626 0.135618 0.045842 0.521449 0.189775 0.064690
0.003035 0.029157 0.922696 0.037037 0.003913 0.004161
0.207148 0.086105 0.037672 0.261006 0.092176 0.315893
0.032434 0.361423 0.341753 0.098098 0.107511 0.058779
0.071289 0.082707 0.202174 0.461070 0.067593 0.115166
0.042601 0.117495 0.389052 0.334128 0.064503 0.052220
0.181083 0.105440 0.034119 0.092222 0.248033 0.339103
0.093250 0.187836 0.023299 0.080549 0.587160 0.027906
0.157793 0.108179 0.203489 0.116877 0.372236 0.041425
0.039901 0.266435 0.084196 0.322273 0.232184 0.055011
0.040985 0.089255 0.114518 0.203098 0.531768 0.020376
0.009698 0.405687 0.387125 0.090628 0.094794 0.012069
0.311139 0.126133 0.077277 0.260146 0.200884 0.024421
0.150273 0.041657 0.537638 0.122081 0.099897 0.048453
0.392037 0.017471 0.029124 0.320141 0.199990 0.041236
0.133275 0.199058 0.025725 0.253007 0.288264 0.100672
0.397687 0.069118 0.055892 0.302955 0.132891 0.041457
0.186796 0.125054 0.077138 0.230367 0.265339 0.115307
0.495019 0.027664 0.025159 0.288118 0.089422 0.074618
0.062280 0.369081 0.250603 0.206511 0.089684 0.021841
0.035725 0.253444 0.261934 0.114773 0.107103 0.227020
0.372980 0.125946 0.174787 0.199637 0.069353 0.057298
0.053276 0.035095 0.019882 0.234955 0.606783 0.050008
0.041237 0.227717 0.485811 0.157331 0.067816 0.020089
0.055958 0.350715 0.221790 0.221595 0.104872 0.045070
0.080565 0.053229 0.409892 0.186022 0.238407 0.031885
0.082680 0.028406 0.033648 0.741449 0.093378 0.020438
0.173229 0.053799 0.038239 0.309980 0.306823 0.117931
0.077027 0.273299 0.216461 0.187434 0.169788 0.075990
0.231722 0.238601 0.068370 0.151376 0.132893 0.177040
0.011309 0.257431 0.624013 0.078052 0.018731 0.010465
0.063083 0.391934 0.028830 0.137807 0.296271 0.082074
0.051424 0.536139 0.008037 0.080071 0.296719 0.027610
0.282417 0.026023 0.009671 0.029834 0.129222 0.522833
0.278822 0.063049 0.040160 0.224054 0.163173 0.230742
0.681694 0.017707 0.008372 0.134703 0.083207 0.074317
0.032041 0.065047 0.609287 0.244672 0.023095 0.025857
0.023845 0.025696 0.868055 0.064446 0.006211 0.011746
0.019230 0.047408 0.031755 0.876958 0.010254 0.014395
0.094656 0.506903 0.024996 0.098816 0.167777 0.106852
0.537232 0.035925 0.003841 0.041013 0.300887 0.081103
0.129343 0.060976 0.019142 0.088078 0.483845 0.218617
0.222193 0.013527 0.022546 0.394175 0.252959 0.094600
0.420237 0.036001 0.071206 0.243700 0.142538 0.086318
0.056593 0.254336 0.034073 0.438763 0.153912 0.062324
0.013416 0.032273 0.578315 0.350302 0.016609 0.009085
0.121221 0.157674 0.031851 0.312944 0.256758 0.119552
0.106745 0.109881 0.022336 0.130109 0.518214 0.112714
0.063524 0.022713 0.003366 0.040172 0.792955 0.077271
0.148502 0.028847 0.041562 0.195037 0.404830 0.181221
0.055292 0.016599 0.071043 0.509298 0.267324 0.080445
0.112531 0.204710 0.148833 0.135695 0.349711 0.048520
0.057989 0.130982 0.245207 0.199508 0.051755 0.314559
0.049564 0.044974 0.348704 0.172424 0.038794 0.345539
0.358701 0.135957 0.013729 0.083338 0.188303 0.219971
0.134004 0.112420 0.015402 0.091656 0.278326 0.368191
0.062465 0.054769 0.083439 0.154195 0.568018 0.077114
0.068041 0.571927 0.010542 0.029472 0.225297 0.094722
0.046647 0.545976 0.176439 0.135611 0.057865 0.037461
0.092784 0.111033 0.225464 0.127368 0.181931 0.261421
0.325629 0.101858 0.021035 0.116936 0.110313 0.324229
0.215043 0.244096 0.033436 0.108269 0.318468 0.080688
0.468251 0.013972 0.003803 0.045700 0.446618 0.021655
0.093140 0.299076 0.024265 0.128640 0.237985 0.216894
0.352441 0.229233 0.113804 0.190962 0.080509 0.033050
0.074682 0.258947 0.034373 0.247880 0.282600 0.101518
0.635454 0.050356 0.012625 0.145684 0.124263 0.031619
0.399362 0.016965 0.007548 0.048511 0.479310 0.048304
0.151652 0.055570 0.026651 0.405942 0.282955 0.077230
0.122013 0.077457 0.072756 0.438123 0.206839 0.082812
0.107962 0.227811 0.142006 0.239494 0.165303 0.117425
0.028647 0.359448 0.195503 0.205985 0.176075 0.034342
0.194529 0.017781 0.033461 0.685998 0.034032 0.034198
0.761141 0.053314 0.007978 0.047997 0.053481 0.076089
0.388564 0.039196 0.052845 0.097660 0.208529 0.213205
0.186783 0.052979 0.051164 0.440869 0.134195 0.134010
0.111799 0.096525 0.122914 0.200612 0.082442 0.385708
0.790677 0.031436 0.011559 0.091841 0.027234 0.047254
0.437688 0.024578 0.008497 0.110789 0.175311 0.243137
0.030811 0.105974 0.078072 0.372292 0.375576 0.037274
0.051623 0.580975 0.074660 0.070241 0.179602 0.042898
0.163935 0.133149 0.020075 0.047906 0.588842 0.046093
0.064673 0.122767 0.056044 0.562255 0.160827 0.033434
0.471885 0.042178 0.008958 0.136470 0.188249 0.152260
0.129725 0.125941 0.048651 0.137293 0.446791 0.111599
0.047665 0.050783 0.370432 0.374747 0.125531 0.030843
0.008686 0.209153 0.595485 0.153174 0.023300 0.010202
0.151905 0.088441 0.317447 0.221979 0.089372 0.130856
0.020390 0.328196 0.441643 0.098731 0.076671 0.034369
0.198790 0.332837 0.066500 0.097007 0.114431 0.190435
