0.028301 0.376838 0.463665 0.131196
0.047980 0.049027 0.476390 0.426603
0.029203 0.292447 0.517412 0.160938
0.088568 0.164640 0.590985 0.155807
0.028703 0.237337 0.506070 0.227890
0.012485 0.183275 0.746695 0.057545
0.012140 0.065492 0.536400 0.385968
0.042365 0.229623 0.586452 0.141560
0.081833 0.153664 0.464036 0.300467
0.004724 0.076906 0.899356 0.019014
0.013230 0.055699 0.193695 0.737375
0.459679 0.064573 0.120393 0.355355
0.021579 0.144569 0.737372 0.096480
0.009150 0.105728 0.704194 0.180928
0.010813 0.070011 0.853155 0.066020
0.019160 0.328761 0.628935 0.023144
0.015041 0.014834 0.239174 0.730951
0.207137 0.086285 0.282993 0.423585
0.017219 0.087372 0.823515 0.071894
0.113400 0.171322 0.537079 0.178199
0.047081 0.075244 0.493014 0.384660
0.026734 0.352312 0.361167 0.259788
0.165528 0.196844 0.241621 0.396007
0.019139 0.045894 0.898150 0.036817
0.044317 0.062390 0.510470 0.382823
0.024289 0.198842 0.489040 0.287828
0.042020 0.151348 0.375240 0.431392
0.409382 0.300829 0.209439 0.080350
0.040217 0.236843 0.707027 0.015914
0.031484 0.311799 0.583644 0.073073
0.008197 0.006867 0.047721 0.937216
0.604532 0.080487 0.097097 0.217884
0.102609 0.196984 0.616771 0.083636
0.018978 0.136743 0.636767 0.207511
0.024478 0.067412 0.280342 0.627769
0.480709 0.254508 0.203461 0.061322
0.009843 0.016725 0.957880 0.015552
0.117400 0.423047 0.318891 0.140662
0.007318 0.010260 0.048969 0.933453
0.833690 0.015493 0.102132 0.048685
0.022025 0.089378 0.815038 0.073558
0.073806 0.102749 0.449270 0.374175
0.028848 0.732839 0.193328 0.044985
0.048869 0.107368 0.248982 0.594780
0.518652 0.215136 0.194552 0.071660
0.033471 0.050506 0.283567 0.632457
0.046802 0.338938 0.317220 0.297041
0.035952 0.170976 0.751786 0.041286
0.060211 0.322346 0.359959 0.257483
0.063943 0.135216 0.254416 0.546424
0.076270 0.307645 0.448014 0.168071
0.008916 0.458495 0.504863 0.027726
0.062334 0.101355 0.370761 0.465549
0.048703 0.132900 0.642728 0.175668
0.012033 0.125789 0.666543 0.195635
0.229193 0.114783 0.182161 0.473864
0.013735 0.882370 0.065317 0.038578
0.012105 0.348797 0.533818 0.105280
0.093972 0.111500 0.387500 0.407028
0.125149 0.088360 0.633490 0.153001
0.036518 0.046013 0.420238 0.497231
0.011652 0.183127 0.704817 0.100404
0.030833 0.100109 0.800304 0.068755
0.010077 0.126462 0.590886 0.272575
0.291537 0.108657 0.155213 0.444593
0.015289 0.901590 0.049024 0.034098
0.011506 0.409980 0.457334 0.121181
0.103500 0.112589 0.273605 0.510306
0.108341 0.108751 0.614092 0.168815
0.054928 0.072996 0.505486 0.366590
0.009372 0.131300 0.804461 0.054866
0.051946 0.067595 0.766053 0.114406
0.200652 0.059259 0.308861 0.431228
0.051316 0.041299 0.376193 0.531191
0.032298 0.082387 0.105939 0.779376
0.604424 0.032443 0.069526 0.293607
0.360316 0.272234 0.280060 0.087391
0.005712 0.013524 0.211877 0.768888
0.824692 0.028319 0.079350 0.067639
0.366069 0.071600 0.305718 0.256613
0.019035 0.460724 0.380945 0.139295
0.046712 0.112020 0.634110 0.207158
0.056139 0.253172 0.497261 0.193429
0.106911 0.467662 0.308090 0.117337
0.016007 0.172390 0.674824 0.136778
0.021793 0.091512 0.278652 0.608044
0.604033 0.116940 0.154462 0.124565
0.040094 0.442250 0.403299 0.114357
0.039996 0.036851 0.078547 0.844606
0.682965 0.081622 0.116052 0.119362
0.466644 0.310239 0.174777 0.048340
0.131158 0.174871 0.330627 0.363344
0.032524 0.132394 0.608167 0.226915
0.036924 0.215840 0.648997 0.098239
0.008872 0.006798 0.143985 0.840345
0.745936 0.079360 0.106885 0.067819
0.179143 0.443646 0.271603 0.105608
0.185346 0.356184 0.278019 0.180451
0.110548 0.061872 0.395050 0.432530
0.050232 0.086591 0.357651 0.505527
0.099686 0.406967 0.284420 0.208927
0.170136 0.043219 0.770055 0.016590
0.015738 0.039665 0.462842 0.481754
0.025231 0.054098 0.767085 0.153587
0.014978 0.057037 0.911991 0.015994
0.043966 0.528010 0.354590 0.073434
0.037910 0.719195 0.151072 0.091823
0.163705 0.278918 0.292376 0.265000
0.182879 0.337096 0.232070 0.247955
0.034061 0.016367 0.065061 0.884511
0.678953 0.205553 0.065147 0.050347
0.043724 0.032735 0.198994 0.724547
0.040794 0.060642 0.854371 0.044193
0.016679 0.303691 0.654523 0.025107
0.071497 0.753504 0.119273 0.055726
0.018710 0.845410 0.072265 0.063614
0.336183 0.126779 0.190792 0.346246
0.143189 0.306779 0.192693 0.357339
0.038802 0.109787 0.681674 0.169737
0.109795 0.093612 0.506165 0.290428
0.044155 0.104087 0.433068 0.418690
0.392465 0.151277 0.327438 0.128821
0.146051 0.158808 0.589073 0.106068
0.010172 0.031346 0.863490 0.094991
0.038921 0.075430 0.270046 0.615603
0.024222 0.063544 0.862018 0.050215
0.093761 0.044329 0.793122 0.068788
0.408534 0.160933 0.345291 0.085241
0.063435 0.056320 0.832707 0.047538
0.207738 0.127476 0.402966 0.261821
0.028395 0.026685 0.153676 0.791243
0.709419 0.040074 0.114395 0.136113
0.094329 0.173735 0.422053 0.309883
0.031840 0.212170 0.564009 0.191981
0.049781 0.137302 0.696001 0.116916
0.178111 0.162302 0.472862 0.186726
0.031808 0.212210 0.158930 0.597051
0.056814 0.062237 0.599831 0.281119
0.025748 0.643282 0.187814 0.143156
0.045817 0.260725 0.462162 0.231296
0.060812 0.588417 0.195501 0.155270
0.021401 0.843256 0.099008 0.036334
0.010358 0.237627 0.200101 0.551914
0.019974 0.089730 0.099206 0.791090
0.351131 0.153244 0.309825 0.185799
0.141476 0.401926 0.228878 0.227719
0.284772 0.041476 0.261571 0.412182
0.009665 0.016747 0.089233 0.884355
0.272379 0.068745 0.238477 0.420399
0.400727 0.037020 0.369143 0.193110
0.464650 0.084554 0.323303 0.127493
0.041607 0.118212 0.284588 0.555594
0.019362 0.726607 0.205486 0.048544
0.159753 0.481897 0.200240 0.158110
0.042620 0.698516 0.181684 0.077180
0.240137 0.282775 0.374854 0.102234
0.041086 0.163853 0.150885 0.644175
0.083452 0.071140 0.412753 0.432655
0.296445 0.144177 0.380044 0.179333
0.075062 0.073067 0.823678 0.028192
0.083388 0.021182 0.701245 0.194184
0.153766 0.085754 0.259241 0.501239
0.242677 0.250349 0.450435 0.056538
0.035734 0.018004 0.271132 0.675130
0.053924 0.377898 0.213860 0.354318
0.185786 0.082854 0.600582 0.130779
0.019437 0.025606 0.863722 0.091235
0.140058 0.271629 0.389420 0.198892
0.047229 0.396244 0.412560 0.143968
0.013826 0.124579 0.809657 0.051938
0.039310 0.122734 0.196599 0.641356
0.056354 0.129382 0.763969 0.050294
0.174741 0.113033 0.286687 0.425540
0.027122 0.266633 0.670393 0.035852
0.082724 0.169857 0.599866 0.147553
0.053933 0.128000 0.609226 0.208841
0.012002 0.116076 0.633961 0.237961
0.026814 0.148208 0.701995 0.122982
0.070063 0.101591 0.676087 0.152260
0.025347 0.286215 0.462352 0.226086
0.020644 0.425822 0.486945 0.066590
0.016149 0.045927 0.902798 0.035126
0.036799 0.129569 0.663869 0.169762
0.012096 0.079585 0.895157 0.013162
0.006523 0.045775 0.641148 0.306554
0.040643 0.399466 0.490964 0.068927
0.023610 0.482662 0.447745 0.045983
0.150294 0.218533 0.407256 0.223916
0.032568 0.138718 0.729197 0.099517
0.053336 0.302717 0.444646 0.199301
0.098776 0.099807 0.545223 0.256195
0.043836 0.060965 0.645883 0.249315
0.079882 0.138513 0.431166 0.350438
0.175470 0.194400 0.411774 0.218357
0.040031 0.435859 0.473969 0.050140
0.011201 0.071982 0.837229 0.079588
0.052249 0.426550 0.336248 0.184953
0.018470 0.106236 0.763751 0.111543
0.070589 0.167725 0.451273 0.310414
0.119529 0.042656 0.577004 0.260810
0.139586 0.092872 0.636522 0.131020
0.170354 0.556675 0.232509 0.040461
0.006280 0.006265 0.031634 0.955821
0.638774 0.051062 0.043422 0.266742
0.153063 0.311491 0.452167 0.083278
0.246589 0.428384 0.287755 0.037273
0.095919 0.017204 0.540769 0.346108
0.038080 0.020466 0.344343 0.597110
0.048720 0.051062 0.480663 0.419555
0.035065 0.373205 0.384432 0.207298
0.006007 0.915287 0.067080 0.011625
0.070605 0.120811 0.088786 0.719799
0.633523 0.054802 0.114268 0.197407
0.080263 0.494080 0.378220 0.047437
0.007029 0.044284 0.941009 0.007678
0.015132 0.042618 0.270519 0.671730
0.426605 0.103838 0.368070 0.101487
0.044722 0.387669 0.522399 0.045210
0.098277 0.132812 0.577483 0.191428
0.029335 0.646277 0.137915 0.186473
0.078778 0.281400 0.367266 0.272556
0.004923 0.039160 0.920987 0.034930
0.045263 0.105215 0.222979 0.626543
0.020676 0.693373 0.183307 0.102644
0.015012 0.414850 0.452440 0.117698
0.015475 0.016405 0.094680 0.873439
0.028810 0.578307 0.317718 0.075165
0.008814 0.218454 0.736890 0.035842
0.013904 0.360900 0.373507 0.251689
0.012859 0.094045 0.825589 0.067507
0.747523 0.038915 0.164065 0.049497
0.151520 0.039405 0.197948 0.611127
0.422143 0.033704 0.158715 0.385439
0.466408 0.069054 0.428756 0.035782
0.074008 0.445701 0.371446 0.108846
0.024701 0.051531 0.567326 0.356442
0.030476 0.228851 0.720659 0.020015
0.040902 0.076464 0.697376 0.185258
0.041370 0.173112 0.625965 0.159553
0.624260 0.043135 0.218318 0.114287
0.199620 0.314186 0.441815 0.044380
0.061734 0.069032 0.673376 0.195858
0.089663 0.194607 0.589063 0.126667
0.067628 0.267373 0.554992 0.110006
0.035876 0.006609 0.228256 0.729259
0.020959 0.049970 0.809735 0.119336
0.134138 0.123939 0.666952 0.074971
0.012858 0.345935 0.631502 0.009705
0.035859 0.564500 0.311561 0.088080
0.031889 0.310042 0.468139 0.189930
0.088967 0.306694 0.557842 0.046496
0.014855 0.375829 0.535709 0.073607
0.013237 0.028970 0.916149 0.041645
0.018158 0.250305 0.631301 0.100236
0.020912 0.043836 0.253385 0.681866
0.541685 0.062563 0.184064 0.211688
0.041310 0.245255 0.681709 0.031726
0.042987 0.058211 0.738986 0.159817
0.064062 0.287027 0.270255 0.378655
0.017674 0.045167 0.160095 0.777063
0.925674 0.018135 0.021015 0.035175
0.011388 0.021653 0.932261 0.034698
0.024960 0.078875 0.220924 0.675241
0.748892 0.019083 0.128432 0.103593
0.052459 0.113468 0.797345 0.036728
0.016413 0.131341 0.687284 0.164962
0.566333 0.023745 0.205008 0.204914
0.042896 0.626356 0.290482 0.040267
0.039720 0.774706 0.148544 0.037031
0.074076 0.524164 0.145551 0.256209
0.020716 0.941261 0.024825 0.013198
0.021017 0.245826 0.269880 0.463277
0.071816 0.157343 0.255703 0.515138
0.074426 0.028476 0.186596 0.710502
0.582861 0.028253 0.304102 0.084784
0.090486 0.484754 0.288413 0.136347
0.087210 0.338563 0.342049 0.232178
0.082986 0.308144 0.380220 0.228650
0.029332 0.702027 0.243356 0.025285
0.082701 0.510182 0.284513 0.122604
0.033130 0.454684 0.144645 0.367541
0.084645 0.423366 0.372554 0.119436
0.067282 0.188553 0.340652 0.403514
0.068233 0.037785 0.207415 0.686568
0.088321 0.045117 0.398876 0.467686
0.026343 0.031264 0.772589 0.169805
0.012566 0.008138 0.061043 0.918253
0.090567 0.057742 0.124570 0.727120
0.946906 0.013946 0.026309 0.012839
0.022125 0.051711 0.888546 0.037618
0.261447 0.156970 0.228983 0.352601
0.088263 0.598283 0.230641 0.082813
0.019929 0.166062 0.727227 0.086782
0.273685 0.180962 0.465127 0.080226
0.055104 0.185839 0.482069 0.276988
0.078963 0.294458 0.310673 0.315906
0.051848 0.114709 0.308256 0.525187
0.093779 0.270865 0.313825 0.321531
0.020786 0.014922 0.264936 0.699356
0.033773 0.326955 0.433329 0.205944
0.016321 0.259299 0.522583 0.201797
0.055572 0.309358 0.494498 0.140573
0.019931 0.025849 0.750267 0.203953
0.052321 0.490105 0.306382 0.151192
0.146480 0.293503 0.084234 0.475783
0.041001 0.628648 0.091090 0.239261
0.023108 0.622758 0.181519 0.172615
0.030410 0.207641 0.132729 0.629220
0.031301 0.094503 0.325885 0.548311
0.620259 0.100957 0.159458 0.119326
0.010696 0.179253 0.719771 0.090280
0.075606 0.391685 0.395636 0.137073
0.032168 0.525698 0.246684 0.195450
0.014325 0.302097 0.507492 0.176085
0.018614 0.033130 0.692483 0.255773
0.021890 0.120848 0.815709 0.041553
0.007373 0.045842 0.179403 0.767382
0.224977 0.022560 0.027325 0.725138
0.829902 0.020620 0.128325 0.021153
0.030274 0.254776 0.478037 0.236913
0.067381 0.494359 0.347733 0.090527
0.035879 0.085257 0.358294 0.520570
0.080990 0.052347 0.552756 0.313908
0.017208 0.599330 0.350107 0.033355
0.012792 0.012179 0.120905 0.854124
0.351769 0.132900 0.260123 0.255208
0.042439 0.296045 0.609049 0.052467
0.029641 0.467823 0.406854 0.095682
0.137742 0.056492 0.213523 0.592243
0.013534 0.367954 0.589946 0.028566
0.038238 0.062464 0.416697 0.482601
0.240933 0.040229 0.098873 0.619965
0.638318 0.155973 0.189163 0.016546
0.017798 0.340308 0.569658 0.072236
0.043853 0.040762 0.067686 0.847699
0.691617 0.020651 0.160849 0.126883
0.018377 0.038968 0.717429 0.225226
0.170640 0.462493 0.236428 0.130439
0.428033 0.164829 0.287790 0.119348
0.038080 0.884827 0.054480 0.022614
0.042695 0.717793 0.143678 0.095833
0.016293 0.178070 0.146573 0.659063
0.130134 0.343140 0.246737 0.279989
0.010470 0.117796 0.672078 0.199656
0.014951 0.120643 0.751962 0.112443
0.035393 0.096200 0.595948 0.272459
0.024926 0.283955 0.428871 0.262248
0.241652 0.128830 0.482921 0.146596
0.080435 0.558982 0.198849 0.161734
0.062011 0.022987 0.242164 0.672838
0.112985 0.085801 0.164300 0.636913
0.046667 0.035160 0.697662 0.220511
0.008427 0.017569 0.248591 0.725413
0.542504 0.085022 0.213394 0.159080
0.191670 0.315015 0.401436 0.091879
0.015113 0.033426 0.528715 0.422746
0.088888 0.207105 0.458433 0.245574
0.100719 0.084098 0.694467 0.120716
0.220339 0.080875 0.479621 0.219165
0.580828 0.104538 0.217782 0.096852
0.047319 0.084230 0.780663 0.087789
0.040048 0.025518 0.606523 0.327910
0.162683 0.081324 0.648549 0.107444
0.394350 0.037515 0.524327 0.043807
0.250757 0.089064 0.274146 0.386033
0.028482 0.217078 0.704523 0.049917
0.055000 0.433208 0.229683 0.282110
0.013590 0.851574 0.083468 0.051367
0.025122 0.221401 0.156193 0.597284
0.075848 0.549724 0.137774 0.236654
0.037731 0.127872 0.758271 0.076127
0.056291 0.149583 0.242674 0.551452
0.012440 0.678123 0.140712 0.168725
0.756305 0.051130 0.052174 0.140391
0.061265 0.412544 0.465380 0.060811
0.063357 0.356286 0.269920 0.310436
0.417571 0.103433 0.308788 0.170208
0.081414 0.118409 0.369932 0.430246
0.042263 0.107609 0.546379 0.303748
0.049715 0.236537 0.456568 0.257179
0.138389 0.657371 0.171298 0.032943
0.080028 0.146779 0.393135 0.380059
0.004524 0.003517 0.015341 0.976619
0.008675 0.029007 0.934186 0.028132
0.057048 0.136792 0.565837 0.240323
0.036932 0.099107 0.728580 0.135381
0.050310 0.015980 0.888912 0.044798
0.010614 0.021987 0.951086 0.016313
0.070282 0.245252 0.525558 0.158908
0.215178 0.530186 0.184954 0.069681
0.125942 0.394770 0.292378 0.186910
0.094437 0.134799 0.281488 0.489277
0.109928 0.392940 0.377047 0.120085
0.011961 0.103382 0.158282 0.726375
0.084133 0.124786 0.715694 0.075387
0.023924 0.120337 0.411710 0.444029
0.086416 0.097748 0.632744 0.183092
0.029921 0.024929 0.146039 0.799111
0.038808 0.164010 0.635140 0.162041
0.022903 0.041722 0.755851 0.179524
0.040766 0.107707 0.296438 0.555089
0.010908 0.033343 0.838216 0.117532
0.033935 0.137717 0.516945 0.311403
0.023452 0.195904 0.710456 0.070188
0.022142 0.200559 0.705164 0.072135
0.046177 0.174739 0.560187 0.218897
0.040603 0.120381 0.151609 0.687407
0.652592 0.062781 0.157671 0.126956
0.169410 0.112481 0.457411 0.260698
0.016655 0.121267 0.789932 0.072146
0.010908 0.033343 0.838216 0.117532
0.033935 0.137717 0.516945 0.311403
0.023452 0.195904 0.710456 0.070188
0.022142 0.200559 0.705164 0.072135
0.046177 0.174739 0.560187 0.218897
0.040603 0.120381 0.151609 0.687407
0.652592 0.062781 0.157671 0.126956
0.169410 0.112481 0.457411 0.260698
0.016655 0.121267 0.789932 0.072146
0.124290 0.223591 0.483797 0.168322
0.010696 0.006273 0.032468 0.950564
0.554073 0.057061 0.227285 0.161581
0.147199 0.415114 0.414389 0.023298
0.030189 0.212069 0.623373 0.134369
0.244963 0.052096 0.171143 0.531798
0.041555 0.566121 0.288169 0.104155
0.053785 0.183144 0.603627 0.159443
0.021944 0.016044 0.435676 0.526336
0.124290 0.223591 0.483797 0.168322
0.010696 0.006273 0.032468 0.950564
0.554073 0.057061 0.227285 0.161581
0.147199 0.415114 0.414389 0.023298
0.030189 0.212069 0.623373 0.134369
0.244963 0.052096 0.171143 0.531798
0.041555 0.566121 0.288169 0.104155
0.053785 0.183144 0.603627 0.159443
0.021944 0.016044 0.435676 0.526336
0.050344 0.160659 0.683868 0.105129
0.022333 0.148491 0.303425 0.525751
0.431160 0.211735 0.243460 0.113645
0.016995 0.051847 0.892613 0.038545
0.040411 0.043335 0.520320 0.395933
0.049030 0.132888 0.744791 0.073291
0.040482 0.370347 0.546385 0.042786
0.336200 0.097711 0.210749 0.355339
0.017754 0.132752 0.721488 0.128005
0.720570 0.037738 0.109027 0.132665
0.008386 0.016803 0.959805 0.015007
0.061303 0.297868 0.573911 0.066918
0.012380 0.094427 0.292085 0.601108
0.202737 0.184150 0.161159 0.451954
0.071079 0.498545 0.380890 0.049487
0.111094 0.235717 0.538571 0.114619
0.040145 0.183361 0.625430 0.151064
0.024377 0.087440 0.816525 0.071659
0.122294 0.103246 0.377145 0.397315
0.017882 0.416762 0.423533 0.141824
0.014231 0.083803 0.859538 0.042428
0.021983 0.101847 0.816855 0.059315
0.012733 0.087817 0.828702 0.070748
0.043342 0.154310 0.586033 0.216315
0.009384 0.297481 0.595755 0.097379
0.074806 0.035345 0.591552 0.298297
0.026383 0.023538 0.389527 0.560553
0.012865 0.045710 0.905055 0.036370
0.322785 0.181041 0.399607 0.096568
0.012430 0.090947 0.829191 0.067432
0.045600 0.039869 0.600969 0.313562
0.021960 0.214386 0.586808 0.176846
0.023300 0.153553 0.773993 0.049154
0.008785 0.214684 0.723139 0.053391
0.093939 0.078136 0.649996 0.177929
0.081484 0.268249 0.438183 0.212085
0.540926 0.079678 0.189194 0.190203
0.027169 0.086241 0.463442 0.423149
0.233990 0.162465 0.370716 0.232829
0.104500 0.106972 0.654159 0.134370
0.169869 0.108974 0.510789 0.210368
0.044099 0.212179 0.660998 0.082724
0.008151 0.003638 0.044412 0.943800
0.533996 0.064912 0.165157 0.235935
0.088308 0.332472 0.410741 0.168479
0.058925 0.036603 0.385957 0.518515
0.188323 0.269175 0.299390 0.243113
0.011423 0.014617 0.192070 0.781890
0.961026 0.004300 0.012403 0.022271
0.087378 0.080047 0.357931 0.474644
0.740616 0.051626 0.117419 0.090339
0.059510 0.533783 0.302148 0.104558
0.230719 0.110094 0.561953 0.097234
0.082744 0.060764 0.106846 0.749646
0.072213 0.209528 0.441019 0.277240
0.039337 0.536101 0.367269 0.057293
0.120276 0.069739 0.542251 0.267733
0.080475 0.332371 0.423233 0.163921
0.121567 0.365689 0.386140 0.126603
0.016390 0.086265 0.787877 0.109468
0.030190 0.037914 0.080701 0.851194
0.732330 0.114924 0.097240 0.055506
0.012730 0.037191 0.862566 0.087514
0.664442 0.104462 0.213367 0.017729
0.033642 0.201895 0.701340 0.063123
0.017657 0.033761 0.860644 0.087939
0.042662 0.082567 0.721428 0.153343
0.022245 0.137805 0.782556 0.057393
0.054880 0.146000 0.616548 0.182573
0.022627 0.092564 0.649101 0.235708
0.034538 0.158014 0.276117 0.531331
0.069148 0.041220 0.809035 0.080596
0.010663 0.342657 0.293971 0.352708
0.019013 0.090376 0.362395 0.528217
0.594515 0.106561 0.213313 0.085612
0.006660 0.885849 0.091866 0.015625
0.007003 0.321889 0.104748 0.566360
0.152280 0.276754 0.219093 0.351874
0.038033 0.448898 0.463871 0.049198
0.036588 0.351013 0.445406 0.166994
0.006653 0.006771 0.037450 0.949127
0.061655 0.037026 0.146327 0.754992
0.122574 0.022900 0.043169 0.811357
0.785238 0.039495 0.096236 0.079031
0.209830 0.100369 0.517419 0.172381
0.005729 0.024620 0.135708 0.833944
0.746618 0.028919 0.127945 0.096518
0.053769 0.676219 0.255647 0.014365
0.218238 0.286139 0.257915 0.237709
0.009272 0.404511 0.206548 0.379669
0.022736 0.065731 0.459032 0.452502
0.050440 0.358098 0.491129 0.100334
0.048200 0.297771 0.490806 0.163223
0.033803 0.043845 0.365994 0.556358
0.102658 0.220090 0.313210 0.364042
0.101568 0.144373 0.676666 0.077393
0.171994 0.140392 0.568375 0.119239
0.009039 0.066598 0.882423 0.041940
0.019980 0.185441 0.670086 0.124493
0.072419 0.261271 0.198315 0.467996
0.049528 0.454582 0.202356 0.293534
0.072389 0.235755 0.347937 0.343918
0.041773 0.269264 0.424457 0.264505
0.060328 0.145243 0.468538 0.325891
0.011352 0.046455 0.089403 0.852790
0.434300 0.039531 0.472043 0.054126
0.071038 0.114581 0.763201 0.051179
0.012693 0.015275 0.070240 0.901793
0.023805 0.065951 0.860587 0.049657
0.081798 0.336520 0.365475 0.216206
0.054108 0.152503 0.655257 0.138132
0.035820 0.088779 0.267018 0.608383
0.037178 0.058576 0.800934 0.103313
0.010716 0.014179 0.045156 0.929949
0.442611 0.057377 0.238156 0.261856
0.097395 0.054224 0.703692 0.144689
0.021223 0.065336 0.283968 0.629472
0.480791 0.044483 0.200434 0.274293
0.053186 0.348079 0.581546 0.017188
0.022839 0.197154 0.755670 0.024337
0.028431 0.054915 0.516285 0.400368
0.039779 0.691927 0.136736 0.131558
0.082182 0.564631 0.151148 0.202039
0.019404 0.044155 0.217839 0.718602
0.137799 0.391875 0.336164 0.134161
0.010395 0.041879 0.087279 0.860447
0.023242 0.144786 0.222197 0.609776
0.054851 0.017208 0.052143 0.875798
0.236778 0.091704 0.523625 0.147892
0.014223 0.867063 0.114377 0.004337
0.025153 0.580939 0.296719 0.097189
0.087756 0.354516 0.430087 0.127640
0.024150 0.081906 0.503838 0.390105
0.038359 0.263161 0.504371 0.194109
0.041516 0.083914 0.369842 0.504728
0.073711 0.079923 0.646634 0.199732
0.131423 0.171687 0.568190 0.128700
0.089851 0.068618 0.506120 0.335410
0.288994 0.025696 0.082391 0.602920
0.493120 0.236038 0.244528 0.026315
0.053267 0.281701 0.637040 0.027992
0.034004 0.080828 0.305087 0.580082
0.092863 0.105137 0.470201 0.331798
0.067684 0.111582 0.731379 0.089355
0.046977 0.253624 0.555907 0.143492
0.024988 0.086443 0.779017 0.109552
0.089150 0.138986 0.646548 0.125316
0.169587 0.106912 0.578561 0.144939
0.022295 0.489268 0.469284 0.019152
0.021360 0.081774 0.847068 0.049798
0.024612 0.027909 0.378989 0.568490
0.015535 0.096728 0.839069 0.048669
0.078790 0.078557 0.765829 0.076824
0.027733 0.111241 0.693967 0.167059
0.041975 0.029012 0.698007 0.231005
0.032057 0.047989 0.847105 0.072849
0.380657 0.272938 0.242828 0.103576
0.088105 0.491947 0.315154 0.104794
0.033686 0.187208 0.679118 0.099988
0.187785 0.189393 0.370636 0.252186
0.034355 0.082468 0.714349 0.168828
0.036083 0.357308 0.378940 0.227669
0.017626 0.064178 0.853002 0.065195
0.024363 0.031671 0.871817 0.072148
0.007878 0.052932 0.908427 0.030763
0.154425 0.156177 0.331459 0.357939
0.025207 0.161187 0.729731 0.083875
0.017608 0.594523 0.305391 0.082478
0.032864 0.090219 0.300156 0.576761
0.011377 0.075494 0.153315 0.759815
0.187540 0.007432 0.073435 0.731593
0.145287 0.207885 0.519820 0.127008
0.029479 0.150222 0.355181 0.465118
0.016465 0.644002 0.308381 0.031151
0.031064 0.213470 0.698988 0.056478
0.015891 0.103239 0.814632 0.066238
0.019571 0.112659 0.710776 0.156994
0.013183 0.238303 0.389568 0.358946
0.589781 0.076017 0.239335 0.094868
0.012684 0.501859 0.435327 0.050130
0.054056 0.092456 0.121325 0.732162
0.034573 0.074958 0.748516 0.141953
0.078030 0.061136 0.559633 0.301201
0.047944 0.368810 0.521877 0.061368
0.019368 0.018793 0.116086 0.845752
0.611614 0.024197 0.139540 0.224648
0.039633 0.155040 0.786662 0.018665
0.102292 0.119988 0.432361 0.345359
0.060492 0.133723 0.450967 0.354818
0.635497 0.088372 0.092250 0.183881
0.033793 0.680252 0.245451 0.040504
0.016457 0.030545 0.121099 0.831900
0.820478 0.065864 0.053160 0.060498
0.034647 0.075656 0.253652 0.636045
0.838094 0.011760 0.105479 0.044667
0.140274 0.114043 0.685239 0.060444
0.053745 0.405583 0.294486 0.246186
0.055992 0.303063 0.379880 0.261065
0.086471 0.113149 0.253758 0.546621
0.143680 0.288860 0.324293 0.243167
0.033510 0.039874 0.889273 0.037343
0.020075 0.153243 0.763224 0.063458
0.010853 0.010156 0.064745 0.914247
0.591687 0.183704 0.157101 0.067508
0.066404 0.299072 0.506120 0.128404
0.028020 0.238607 0.285092 0.448281
0.061572 0.140534 0.489860 0.308034
0.026907 0.052062 0.697271 0.223760
0.049590 0.116989 0.506737 0.326684
0.131167 0.051841 0.781847 0.035145
0.068852 0.057146 0.780760 0.093242
0.044586 0.112452 0.526431 0.316532
0.011211 0.602840 0.363541 0.022407
0.009941 0.093374 0.789336 0.107350
0.032421 0.166006 0.281333 0.520241
0.068681 0.411341 0.418851 0.101127
0.122939 0.060032 0.574332 0.242697
0.027216 0.067932 0.600097 0.304754
0.031923 0.208091 0.598530 0.161457
0.035636 0.221533 0.528503 0.214329
0.046916 0.442036 0.475408 0.035640
0.052995 0.303345 0.584357 0.059304
0.037475 0.554961 0.298482 0.109082
0.022880 0.145115 0.724737 0.107268
0.035704 0.065703 0.570880 0.327713
0.006859 0.214212 0.700743 0.078186
0.062229 0.039723 0.648975 0.249072
0.010608 0.319890 0.533321 0.136181
0.131592 0.201388 0.555829 0.111191
0.086651 0.525219 0.230437 0.157693
0.071029 0.270209 0.608956 0.049806
0.050607 0.124554 0.590828 0.234011
0.021600 0.651641 0.249140 0.077619
0.030822 0.031110 0.219336 0.718732
0.071290 0.107204 0.780243 0.041263
0.165795 0.197872 0.421349 0.214984
0.053461 0.054444 0.347272 0.544823
0.345469 0.058827 0.494638 0.101066
0.040128 0.207028 0.695427 0.057417
0.019546 0.045939 0.741284 0.193231
0.247165 0.022096 0.605670 0.125069
0.017142 0.018863 0.909187 0.054808
0.034899 0.132956 0.723488 0.108657
0.052169 0.316505 0.580157 0.051168
0.049718 0.031905 0.392251 0.526125
0.045276 0.369998 0.410822 0.173905
0.201289 0.225770 0.503192 0.069749
0.028398 0.154132 0.775718 0.041752
0.080895 0.266850 0.520775 0.131479
0.006716 0.024441 0.048103 0.920740
0.343020 0.156186 0.293850 0.206945
0.025461 0.103150 0.683448 0.187941
0.031014 0.065368 0.494931 0.408688
0.044569 0.021191 0.715902 0.218339
0.034644 0.039551 0.678255 0.247551
0.151415 0.317369 0.400102 0.131114
0.026321 0.670697 0.257431 0.045551
0.039374 0.157929 0.766671 0.036026
0.034407 0.119229 0.537527 0.308837
0.078017 0.066889 0.821191 0.033903
0.028363 0.032158 0.611102 0.328376
0.074636 0.175233 0.424943 0.325188
0.033796 0.055515 0.860185 0.050504
0.149195 0.050212 0.577733 0.222861
0.034439 0.162883 0.578205 0.224473
0.051644 0.189596 0.528342 0.230417
0.090616 0.186079 0.657369 0.065936
0.016557 0.036469 0.429019 0.517955
0.011201 0.755091 0.205770 0.027937
0.037777 0.160131 0.655579 0.146513
0.171154 0.141426 0.366272 0.321147
0.228815 0.265604 0.273933 0.231647
0.063951 0.165202 0.554068 0.216778
0.029686 0.016333 0.473398 0.480583
0.076239 0.194286 0.470417 0.259058
0.033691 0.043413 0.574623 0.348273
0.143512 0.015064 0.078244 0.763181
0.567653 0.060337 0.239795 0.132214
0.088145 0.100697 0.766225 0.044933
0.201133 0.114997 0.190059 0.493810
0.015516 0.198582 0.740218 0.045684
0.008866 0.009711 0.039569 0.941854
0.585400 0.125758 0.093566 0.195275
0.034081 0.036609 0.910710 0.018601
0.213069 0.048232 0.385965 0.352734
0.063014 0.210423 0.677449 0.049115
0.429068 0.044755 0.126002 0.400176
0.040263 0.656551 0.210601 0.092585
0.063455 0.570965 0.310643 0.054937
0.022652 0.081660 0.872247 0.023441
0.076215 0.417603 0.442337 0.063845
0.011525 0.104423 0.609628 0.274424
0.023862 0.065464 0.871007 0.039667
0.004279 0.050056 0.927403 0.018261
0.034811 0.088159 0.628507 0.248523
0.033132 0.087397 0.436634 0.442837
0.024047 0.077060 0.300682 0.598212
0.075810 0.236966 0.642029 0.045195
0.012294 0.251010 0.633378 0.103318
0.050302 0.053768 0.657325 0.238605
0.015638 0.008763 0.932424 0.043175
0.128875 0.054432 0.592488 0.224205
0.061255 0.059586 0.423530 0.455629
0.091845 0.547117 0.286311 0.074727
0.065795 0.142332 0.759188 0.032685
0.038045 0.022745 0.196912 0.742297
0.025647 0.024150 0.086729 0.863474
0.299040 0.250895 0.237401 0.212665
0.095271 0.528392 0.302265 0.074071
0.034791 0.038378 0.060663 0.866169
0.407363 0.127228 0.175242 0.290166
0.041441 0.094157 0.802268 0.062134
0.011620 0.030116 0.113111 0.845153
0.093618 0.514994 0.316269 0.075118
0.067117 0.265017 0.227765 0.440101
0.023159 0.790407 0.097794 0.088640
0.018358 0.826193 0.091401 0.064048
0.010503 0.022855 0.068774 0.897868
0.015115 0.833862 0.081591 0.069432
0.031749 0.222240 0.651293 0.094718
0.094378 0.062263 0.329740 0.513619
0.038201 0.106263 0.643518 0.212018
0.037565 0.056045 0.696635 0.209755
0.187945 0.121380 0.389546 0.301129
0.194909 0.179594 0.491974 0.133523
0.006705 0.003626 0.062759 0.926909
0.620799 0.079416 0.134549 0.165236
0.064668 0.084661 0.794474 0.056197
0.016786 0.289759 0.621850 0.071604
0.289191 0.217487 0.371567 0.121755
0.269001 0.121801 0.242480 0.366719
0.004439 0.003988 0.018478 0.973095
0.717861 0.066256 0.058338 0.157545
0.023817 0.072791 0.198534 0.704857
0.130621 0.015146 0.076321 0.777912
0.655332 0.101195 0.197853 0.045620
0.037373 0.071023 0.875776 0.015828
0.016094 0.066700 0.806638 0.110568
0.041594 0.044877 0.607060 0.306468
0.053046 0.040996 0.746845 0.159112
0.009240 0.788840 0.129487 0.072433
0.018441 0.663304 0.181177 0.137078
0.126997 0.179583 0.445023 0.248398
0.026617 0.366484 0.399895 0.207004
0.066586 0.346848 0.263198 0.323369
0.033647 0.274046 0.368274 0.324033
0.216523 0.253259 0.192876 0.337341
0.021206 0.106679 0.110288 0.761828
0.215685 0.318081 0.260350 0.205883
0.013580 0.302940 0.383038 0.300443
0.010190 0.834580 0.114395 0.040835
0.079162 0.162921 0.584139 0.173779
0.026762 0.296455 0.375722 0.301061
0.058156 0.395606 0.306644 0.239594
0.025308 0.239895 0.514253 0.220543
0.141262 0.088281 0.299206 0.471251
0.015478 0.060111 0.097143 0.827268
0.125777 0.392206 0.411153 0.070864
0.058964 0.426227 0.425629 0.089180
0.060266 0.309406 0.542216 0.088112
0.013127 0.217857 0.680828 0.088189
0.025350 0.364600 0.561935 0.048116
0.014649 0.158791 0.588525 0.238035
0.018550 0.239725 0.647225 0.094500
0.057470 0.497871 0.253941 0.190718
0.012049 0.094234 0.316648 0.577069
0.546509 0.046473 0.118914 0.288103
0.033036 0.224702 0.709061 0.033201
0.040931 0.013293 0.169431 0.776344
0.042104 0.215666 0.596803 0.145427
0.075780 0.212179 0.456206 0.255834
0.476940 0.096151 0.159694 0.267216
0.107533 0.045236 0.780196 0.067035
0.484799 0.081777 0.157115 0.276309
0.058231 0.129647 0.749782 0.062340
0.075597 0.122503 0.729184 0.072716
0.292840 0.212482 0.241678 0.253000
0.104056 0.083621 0.762875 0.049449
0.238854 0.113513 0.266645 0.380989
0.073160 0.276373 0.525153 0.125314
0.051150 0.037656 0.876780 0.034414
0.031237 0.311909 0.539971 0.116883
0.058156 0.037760 0.583884 0.320200
0.036844 0.396207 0.443697 0.123253
0.114357 0.135521 0.559422 0.190700
0.010166 0.073076 0.782750 0.134007
0.051732 0.755213 0.148581 0.044474
0.005059 0.103808 0.812854 0.078280
0.007379 0.013119 0.047208 0.932294
0.150793 0.192870 0.613984 0.042353
0.008684 0.030251 0.654687 0.306377
0.574815 0.018053 0.179311 0.227822
0.009311 0.011806 0.068352 0.910531
0.643452 0.243669 0.076995 0.035884
0.018702 0.092888 0.730885 0.157525
0.470039 0.174049 0.131040 0.224872
0.156556 0.172352 0.633260 0.037833
0.071149 0.708630 0.096451 0.123770
0.025931 0.027149 0.395903 0.551016
0.084639 0.132708 0.212654 0.569999
0.018487 0.078433 0.147906 0.755174
0.137944 0.336231 0.306332 0.219493
0.057391 0.057238 0.155933 0.729437
0.075767 0.069830 0.386946 0.467457
0.093186 0.084129 0.782221 0.040465
0.059548 0.022026 0.171297 0.747129
0.301668 0.248417 0.235867 0.214048
0.087490 0.326504 0.337550 0.248456
0.029371 0.178851 0.649924 0.141854
0.245088 0.176607 0.469601 0.108704
0.288694 0.323623 0.245275 0.142408
0.111488 0.080896 0.533783 0.273833
0.012590 0.172907 0.772873 0.041630
0.145308 0.031365 0.795718 0.027609
0.014703 0.034949 0.236101 0.714247
0.754924 0.075292 0.094418 0.075366
0.094317 0.592557 0.246343 0.066784
0.062914 0.045074 0.630982 0.261030
0.003504 0.005982 0.016449 0.974065
0.091788 0.334681 0.287864 0.285667
0.087764 0.027390 0.552057 0.332789
0.020723 0.268356 0.531431 0.179490
0.021915 0.179369 0.299729 0.498987
0.042288 0.657293 0.272131 0.028287
0.017456 0.023441 0.516388 0.442716
0.655477 0.064446 0.145515 0.134562
0.110457 0.210343 0.609262 0.069938
0.046075 0.667694 0.250064 0.036167
0.104685 0.402803 0.365935 0.126576
0.069038 0.208175 0.185146 0.537640
0.120161 0.671799 0.120528 0.087512
0.020149 0.045995 0.197075 0.736781
0.063246 0.019137 0.070613 0.847005
0.131301 0.087937 0.427310 0.353453
0.252758 0.098132 0.538726 0.110384
0.138567 0.179509 0.375716 0.306207
0.020575 0.243829 0.658643 0.076953
0.038405 0.212578 0.697451 0.051565
0.095761 0.306368 0.261914 0.335957
0.020321 0.017794 0.088475 0.873410
0.925574 0.012243 0.046032 0.016152
0.314469 0.103607 0.527943 0.053981
0.071791 0.111006 0.520051 0.297152
0.037847 0.154757 0.624847 0.182549
0.348133 0.079917 0.374882 0.197068
0.148349 0.266660 0.419944 0.165047
0.029654 0.734691 0.211211 0.024444
0.053756 0.149640 0.709766 0.086839
0.150733 0.126732 0.601127 0.121408
0.018968 0.243499 0.449311 0.288222
0.076360 0.103890 0.531506 0.288244
0.057256 0.120309 0.662015 0.160421
0.012245 0.014348 0.194859 0.778548
0.393281 0.120677 0.301318 0.184724
0.299259 0.411582 0.233309 0.055850
0.046251 0.085917 0.610538 0.257293
0.087373 0.088929 0.704049 0.119649
0.198022 0.053802 0.374646 0.373530
0.259630 0.154282 0.204937 0.381150
0.117271 0.056711 0.142344 0.683674
0.114644 0.139986 0.389652 0.355718
0.109113 0.071576 0.301446 0.517865
0.234838 0.111953 0.347189 0.306020
0.151212 0.365988 0.257141 0.225659
0.017148 0.728669 0.155814 0.098369
0.021285 0.497750 0.376222 0.104743
0.056589 0.138469 0.318122 0.486820
0.014721 0.029810 0.162718 0.792750
0.524098 0.061916 0.326714 0.087272
0.004118 0.344022 0.636343 0.015516
0.008520 0.072703 0.229085 0.689693
0.325771 0.123364 0.260120 0.290745
0.092869 0.094663 0.783758 0.028710
0.040467 0.150861 0.197739 0.610933
0.036654 0.161867 0.631286 0.170194
0.030086 0.141771 0.486407 0.341736
0.152911 0.242668 0.462565 0.141856
0.023785 0.329176 0.482218 0.164821
0.025558 0.259104 0.439055 0.276283
0.039411 0.151017 0.425863 0.383709
0.038831 0.228588 0.659606 0.072975
0.018612 0.019712 0.410267 0.551409
0.015518 0.130238 0.752943 0.101300
0.044401 0.007311 0.118039 0.830250
0.027123 0.102802 0.653736 0.216339
0.075161 0.495339 0.356814 0.072686
0.020376 0.685165 0.217340 0.077119
0.024888 0.088876 0.124843 0.761393
0.068384 0.235343 0.319919 0.376354
0.117571 0.449191 0.225087 0.208151
0.012952 0.064453 0.089606 0.832989
0.039009 0.235125 0.467859 0.258007
0.022925 0.044488 0.770924 0.161663
0.054575 0.111369 0.573437 0.260620
0.032552 0.019523 0.710934 0.236990
0.057981 0.270529 0.558942 0.112548
0.041948 0.018693 0.465251 0.474108
0.045875 0.111412 0.662638 0.180075
0.037356 0.389707 0.544241 0.028695
0.032027 0.034706 0.448670 0.484597
0.049666 0.338534 0.442978 0.168821
0.037935 0.163093 0.365182 0.433791
0.070314 0.431460 0.194521 0.303705
0.027708 0.296408 0.389566 0.286319
0.010792 0.621848 0.297791 0.069569
0.038489 0.227936 0.374463 0.359113
0.025472 0.523262 0.367397 0.083870
0.011039 0.117868 0.619208 0.251885
0.032070 0.143112 0.588785 0.236032
0.095305 0.090890 0.674788 0.139017
0.232472 0.357910 0.324881 0.084737
0.008516 0.004199 0.054812 0.932473
0.699990 0.058896 0.118408 0.122706
0.266676 0.144172 0.484524 0.104628
0.031180 0.142138 0.688817 0.137865
0.121270 0.048339 0.441660 0.388731
0.390136 0.240151 0.163962 0.205752
0.022133 0.120789 0.626714 0.230364
0.333106 0.120106 0.354655 0.192133
0.391983 0.075612 0.462185 0.070221
0.014949 0.021534 0.489118 0.474398
0.321993 0.081367 0.476833 0.119807
0.044745 0.040708 0.787252 0.127295
0.028563 0.139935 0.635820 0.195682
0.053527 0.163689 0.598335 0.184448
0.023217 0.123421 0.823752 0.029610
0.008359 0.842324 0.128997 0.020319
0.023412 0.871389 0.074898 0.030301
0.033240 0.134196 0.266752 0.565811
0.473464 0.348971 0.085656 0.091908
0.031915 0.117332 0.384032 0.466721
0.900667 0.029510 0.030019 0.039804
0.019644 0.521085 0.386866 0.072405
0.125174 0.263789 0.440674 0.170363
0.006775 0.048521 0.059784 0.884920
0.678135 0.225674 0.059458 0.036733
0.037135 0.338106 0.490812 0.133947
0.072217 0.404964 0.313193 0.209626
0.126794 0.508160 0.297591 0.067455
0.046334 0.495792 0.224878 0.232996
0.062074 0.498480 0.218994 0.220452
0.010546 0.014604 0.055733 0.919118
0.273422 0.256143 0.335073 0.135362
0.066138 0.072122 0.449520 0.412221
0.556401 0.230617 0.137075 0.075907
0.034343 0.206921 0.520301 0.238435
0.062144 0.488938 0.434333 0.014585
0.049642 0.215575 0.435180 0.299604
0.055746 0.207504 0.527859 0.208890
0.051815 0.230236 0.364849 0.353101
0.011642 0.007658 0.103896 0.876804
0.580555 0.089893 0.135802 0.193749
0.044658 0.045066 0.880071 0.030204
0.036085 0.068148 0.628765 0.267002
0.011092 0.057406 0.833214 0.098289
0.021764 0.318423 0.516981 0.142833
0.033105 0.099023 0.767012 0.100860
0.030121 0.499173 0.373588 0.097118
0.034582 0.066835 0.685104 0.213479
0.035966 0.078157 0.504229 0.381648
0.033664 0.123919 0.765264 0.077154
0.009773 0.070637 0.811094 0.108496
0.017135 0.045947 0.416564 0.520354
0.088009 0.025155 0.713378 0.173458
0.046073 0.540324 0.238391 0.175212
0.062184 0.133063 0.106572 0.698180
0.033801 0.569084 0.248023 0.149092
0.112377 0.498325 0.213259 0.176038
0.016468 0.663088 0.128235 0.192209
0.029018 0.096178 0.148793 0.726011
0.277847 0.205338 0.218707 0.298108
0.041629 0.084808 0.846789 0.026775
0.033525 0.228761 0.695565 0.042149
0.065344 0.040231 0.744303 0.150121
0.030579 0.134900 0.381331 0.453190
0.031058 0.064495 0.818494 0.085954
0.027899 0.089222 0.821236 0.061643
0.046467 0.046541 0.819161 0.087831
0.325152 0.061991 0.353116 0.259741
0.072177 0.430372 0.419634 0.077817
0.021651 0.130412 0.234451 0.613486
0.014171 0.824409 0.133993 0.027427
0.046626 0.392805 0.279305 0.281264
0.020384 0.690558 0.163223 0.125834
0.078117 0.652408 0.195583 0.073892
0.017316 0.136886 0.083505 0.762294
0.303847 0.083357 0.090880 0.521916
0.541742 0.244533 0.158094 0.055631
0.016520 0.497791 0.470273 0.015416
0.089354 0.508546 0.315279 0.086822
0.671214 0.025039 0.275572 0.028175
0.018395 0.010133 0.285578 0.685893
0.315901 0.161368 0.292062 0.230669
0.177381 0.221603 0.423243 0.177773
0.024512 0.335117 0.490745 0.149626
0.040885 0.315193 0.471832 0.172090
0.031783 0.125315 0.616531 0.226371
0.038579 0.116686 0.771557 0.073177
0.067036 0.109773 0.632503 0.190688
0.059125 0.146022 0.645124 0.149729
0.042412 0.013802 0.890749 0.053037
0.006203 0.009208 0.151355 0.833235
0.754341 0.068349 0.060997 0.116314
0.064237 0.704437 0.213353 0.017973
0.019945 0.163940 0.780032 0.036083
0.027142 0.124656 0.676388 0.171813
0.050171 0.274228 0.622740 0.052861
0.055513 0.323194 0.477229 0.144064
0.031941 0.084334 0.745146 0.138578
0.020991 0.058723 0.845387 0.074898
0.124403 0.171568 0.508582 0.195447
0.053119 0.026202 0.647786 0.272893
0.030723 0.679963 0.232464 0.056850
0.028406 0.458753 0.388933 0.123908
0.032013 0.724744 0.124101 0.119143
0.033565 0.211763 0.665724 0.088948
0.033935 0.101875 0.286318 0.577871
0.200834 0.627122 0.133697 0.038346
0.039049 0.109587 0.421995 0.429370
0.062977 0.092968 0.383205 0.460850
0.012848 0.071715 0.527650 0.387787
0.167824 0.038421 0.559664 0.234091
0.067708 0.151709 0.708727 0.071856
0.015045 0.792194 0.160121 0.032641
0.012643 0.324668 0.388927 0.273762
0.079980 0.058116 0.532087 0.329817
0.037085 0.046721 0.365184 0.551011
0.216175 0.157808 0.267073 0.358943
0.046335 0.035505 0.862731 0.055429
0.189288 0.097116 0.668521 0.045075
0.053994 0.119217 0.704410 0.122379
0.051142 0.145221 0.727946 0.075691
0.021322 0.087926 0.633516 0.257236
0.021089 0.100592 0.720178 0.158141
0.032302 0.029184 0.775100 0.163414
0.010745 0.023237 0.909255 0.056763
0.032733 0.348186 0.411307 0.207775
0.191243 0.341856 0.278693 0.188208
0.095777 0.712672 0.045637 0.145914
0.034689 0.294461 0.134441 0.536408
0.022699 0.619528 0.230590 0.127183
0.083868 0.269836 0.378688 0.267608
0.028927 0.101839 0.675903 0.193332
0.081599 0.310600 0.454065 0.153736
0.037144 0.523948 0.348146 0.090761
0.061051 0.296955 0.321236 0.320758
0.012993 0.022422 0.036363 0.928222
0.857159 0.051623 0.041154 0.050064
0.020999 0.778427 0.178331 0.022242
0.030158 0.215987 0.578330 0.175524
0.010379 0.026347 0.085184 0.878090
0.183765 0.041107 0.260881 0.514247
0.541202 0.110720 0.312661 0.035417
0.032993 0.417046 0.449286 0.100676
0.040434 0.045252 0.321484 0.592830
0.105571 0.136797 0.291996 0.465636
0.570544 0.073089 0.131477 0.224890
0.087874 0.666190 0.213749 0.032186
0.052053 0.373111 0.243884 0.330951
0.162854 0.215776 0.306591 0.314779
0.166397 0.114241 0.580437 0.138924
0.027261 0.053955 0.110663 0.808120
0.069202 0.035848 0.163351 0.731599
0.817700 0.011427 0.081190 0.089683
0.041356 0.050497 0.720449 0.187698
0.320418 0.138226 0.261534 0.279822
0.034367 0.067109 0.318271 0.580253
0.013765 0.017342 0.040607 0.928285
0.488765 0.044461 0.158535 0.308239
0.310974 0.194208 0.366440 0.128379
0.021089 0.028384 0.144860 0.805668
0.132918 0.395118 0.328436 0.143529
0.173531 0.151368 0.498904 0.176198
0.056304 0.039961 0.346433 0.557302
