0.932235 0.029364 0.000223 0.000027 0.037702 0.000448
0.932235 0.029364 0.000223 0.000027 0.037702 0.000448
0.111553 0.053808 0.016490 0.006092 0.801901 0.010156
0.334433 0.015213 0.001964 0.005454 0.639910 0.003026
0.088751 0.023624 0.004700 0.119204 0.743805 0.019917
0.056652 0.011843 0.003929 0.014938 0.908979 0.003658
0.601906 0.005450 0.013911 0.003544 0.369585 0.005604
0.001702 0.003481 0.012268 0.055952 0.922869 0.003727
0.240024 0.013621 0.016114 0.014102 0.711258 0.004882
0.240024 0.013621 0.016114 0.014102 0.711258 0.004882
0.008406 0.006598 0.016777 0.006723 0.031902 0.929593
0.004810 0.002439 0.014236 0.007794 0.008448 0.962272
0.001410 0.007756 0.001677 0.003233 0.026558 0.959366
0.798315 0.070809 0.001323 0.000312 0.009399 0.119842
0.156928 0.045221 0.038399 0.030800 0.472836 0.255816
0.005530 0.012743 0.069218 0.315076 0.241402 0.356032
0.856110 0.115247 0.000856 0.002288 0.007483 0.018016
0.856110 0.115247 0.000856 0.002288 0.007483 0.018016
0.146271 0.026564 0.021617 0.028506 0.674743 0.102298
0.146271 0.026564 0.021617 0.028506 0.674743 0.102298
0.001203 0.001950 0.021552 0.078926 0.893965 0.002405
0.029497 0.006379 0.012778 0.063994 0.883550 0.003802
0.111924 0.003070 0.002412 0.009191 0.872352 0.001052
0.111924 0.003070 0.002412 0.009191 0.872352 0.001052
0.009802 0.000776 0.000193 0.001725 0.986916 0.000588
0.298223 0.010342 0.001536 0.002482 0.684732 0.002685
0.041853 0.023155 0.030760 0.039312 0.826189 0.038732
0.894312 0.037616 0.001346 0.000119 0.064790 0.001817
0.034227 0.003224 0.031114 0.239122 0.654325 0.037989
0.034227 0.003224 0.031114 0.239122 0.654325 0.037989
0.053568 0.003746 0.048702 0.114311 0.758796 0.020877
0.053568 0.003746 0.048702 0.114311 0.758796 0.020877
0.056652 0.011843 0.003929 0.014938 0.908979 0.003658
0.056652 0.011843 0.003929 0.014938 0.908979 0.003658
0.001702 0.003481 0.012268 0.055952 0.922869 0.003727
0.001702 0.003481 0.012268 0.055952 0.922869 0.003727
0.060358 0.049038 0.036344 0.077763 0.768009 0.008488
0.278019 0.665404 0.012579 0.000521 0.042799 0.000677
0.038622 0.018226 0.027502 0.004278 0.909089 0.002284
0.924503 0.001610 0.030100 0.004838 0.037956 0.000994
0.003644 0.009854 0.004610 0.004497 0.975817 0.001578
0.002591 0.002271 0.001745 0.025585 0.965009 0.002798
0.135529 0.016655 0.003570 0.001212 0.836700 0.006334
0.007198 0.002349 0.003064 0.005397 0.973443 0.008549
0.013682 0.001468 0.022278 0.001867 0.957745 0.002960
0.768954 0.180931 0.012082 0.000173 0.035711 0.002150
0.591797 0.001553 0.003887 0.000517 0.401904 0.000342
0.591797 0.001553 0.003887 0.000517 0.401904 0.000342
0.952810 0.012306 0.000705 0.000112 0.033635 0.000432
0.952810 0.012306 0.000705 0.000112 0.033635 0.000432
0.130206 0.011092 0.170430 0.290997 0.361749 0.035525
0.130206 0.011092 0.170430 0.290997 0.361749 0.035525
0.097632 0.007731 0.010610 0.013137 0.865678 0.005213
0.097632 0.007731 0.010610 0.013137 0.865678 0.005213
0.001426 0.000731 0.398722 0.005655 0.591182 0.002284
0.876125 0.030212 0.058424 0.000705 0.032826 0.001709
0.876125 0.030212 0.058424 0.000705 0.032826 0.001709
0.962683 0.002598 0.002045 0.003129 0.025739 0.003807
0.000610 0.000394 0.000491 0.001603 0.996506 0.000394
0.000610 0.000394 0.000491 0.001603 0.996506 0.000394
0.003980 0.000839 0.000659 0.037823 0.954128 0.002571
0.669682 0.228908 0.011731 0.000510 0.087529 0.001641
0.039821 0.009111 0.020987 0.009226 0.913039 0.007817
0.039821 0.009111 0.020987 0.009226 0.913039 0.007817
0.133767 0.003314 0.057505 0.013241 0.789193 0.002980
0.857205 0.056724 0.041043 0.000392 0.044101 0.000535
0.051374 0.003625 0.000595 0.004964 0.933681 0.005762
0.255285 0.016746 0.007210 0.041359 0.663540 0.015861
0.061340 0.004817 0.000942 0.026413 0.880831 0.025656
0.003036 0.000015 0.000288 0.970353 0.017905 0.008404
0.057710 0.057051 0.005483 0.037227 0.460580 0.381949
0.057710 0.057051 0.005483 0.037227 0.460580 0.381949
0.068977 0.016723 0.000359 0.001346 0.897031 0.015562
0.068977 0.016723 0.000359 0.001346 0.897031 0.015562
0.316499 0.032570 0.005283 0.003037 0.591633 0.050978
0.019362 0.001412 0.001695 0.002783 0.969670 0.005077
0.131509 0.002673 0.019160 0.001467 0.840525 0.004666
0.000001 0.000000 0.999399 0.000593 0.000005 0.000001
0.033663 0.001273 0.058560 0.006667 0.875654 0.024183
0.000006 0.000000 0.999372 0.000601 0.000021 0.000000
0.011370 0.000693 0.011123 0.010366 0.947871 0.018576
0.000144 0.000001 0.994502 0.005045 0.000301 0.000007
0.982849 0.000792 0.000068 0.000005 0.016236 0.000049
0.982849 0.000792 0.000068 0.000005 0.016236 0.000049
0.012021 0.009525 0.007871 0.088936 0.835270 0.046377
0.012021 0.009525 0.007871 0.088936 0.835270 0.046377
0.180312 0.004985 0.003532 0.009635 0.795417 0.006120
0.123025 0.015304 0.132274 0.103961 0.609709 0.015727
0.073328 0.000488 0.004920 0.008134 0.908555 0.004576
0.073328 0.000488 0.004920 0.008134 0.908555 0.004576
0.074060 0.008529 0.006203 0.008308 0.892729 0.010171
0.986933 0.000265 0.000069 0.000015 0.012659 0.000059
0.795771 0.090785 0.000259 0.000285 0.112133 0.000767
0.795771 0.090785 0.000259 0.000285 0.112133 0.000767
0.094552 0.014303 0.034527 0.012136 0.836070 0.008412
0.060807 0.014179 0.020318 0.043131 0.858195 0.003370
0.058095 0.001270 0.005673 0.060851 0.872057 0.002054
0.058095 0.001270 0.005673 0.060851 0.872057 0.002054
0.003599 0.001738 0.077225 0.296814 0.617407 0.003216
0.221684 0.015123 0.622480 0.014139 0.105615 0.020959
0.027324 0.002718 0.000335 0.010685 0.956501 0.002436
0.877597 0.116695 0.002614 0.000258 0.000674 0.002163
0.010276 0.011798 0.325372 0.068165 0.569621 0.014767
0.010276 0.011798 0.325372 0.068165 0.569621 0.014767
0.362866 0.600570 0.003188 0.001558 0.030143 0.001674
0.033315 0.000853 0.000128 0.003691 0.961404 0.000609
0.033315 0.000853 0.000128 0.003691 0.961404 0.000609
0.962499 0.006694 0.000737 0.000029 0.029883 0.000157
0.962499 0.006694 0.000737 0.000029 0.029883 0.000157
0.849113 0.007597 0.021846 0.006123 0.104825 0.010496
0.011187 0.005375 0.679430 0.100390 0.147158 0.056460
0.029390 0.000456 0.054240 0.013480 0.039186 0.863248
0.029390 0.000456 0.054240 0.013480 0.039186 0.863248
0.015487 0.001830 0.455575 0.078173 0.021977 0.426957
0.015487 0.001830 0.455575 0.078173 0.021977 0.426957
0.997895 0.000130 0.001088 0.000137 0.000714 0.000036
0.009122 0.001975 0.040322 0.039863 0.900171 0.008547
0.525810 0.005454 0.092725 0.004960 0.364185 0.006865
0.984007 0.009515 0.005432 0.000006 0.000269 0.000771
0.984007 0.009515 0.005432 0.000006 0.000269 0.000771
0.018187 0.000927 0.854762 0.090303 0.012203 0.023618
0.018187 0.000927 0.854762 0.090303 0.012203 0.023618
0.020182 0.000847 0.562613 0.008256 0.400728 0.007374
0.020182 0.000847 0.562613 0.008256 0.400728 0.007374
0.059913 0.007290 0.188545 0.444454 0.232069 0.067728
0.059913 0.007290 0.188545 0.444454 0.232069 0.067728
0.430667 0.009079 0.253701 0.016095 0.064515 0.225943
0.001084 0.000185 0.753714 0.030989 0.184661 0.029367
0.406878 0.028596 0.084589 0.003362 0.034613 0.441962
0.000338 0.000872 0.001141 0.956089 0.026534 0.015026
0.299134 0.004047 0.221335 0.003706 0.405062 0.066716
0.001540 0.000015 0.991146 0.002015 0.005271 0.000013
0.280474 0.002563 0.094778 0.134136 0.378114 0.109935
0.280474 0.002563 0.094778 0.134136 0.378114 0.109935
0.889448 0.042923 0.042694 0.002545 0.015632 0.006758
0.889448 0.042923 0.042694 0.002545 0.015632 0.006758
0.259393 0.003556 0.089811 0.012855 0.632359 0.002026
0.003977 0.089642 0.000651 0.003306 0.886920 0.015504
0.216380 0.023597 0.088742 0.012644 0.559427 0.099210
0.032258 0.116636 0.245252 0.036440 0.529251 0.040163
0.004001 0.001253 0.042733 0.476993 0.376506 0.098514
0.004001 0.001253 0.042733 0.476993 0.376506 0.098514
0.050039 0.006320 0.027341 0.167830 0.639473 0.108996
0.005715 0.444098 0.002166 0.026873 0.085439 0.435709
0.026123 0.004198 0.096536 0.088460 0.026159 0.758524
0.026123 0.004198 0.096536 0.088460 0.026159 0.758524
0.040198 0.002466 0.820988 0.029132 0.090829 0.016387
0.008353 0.018180 0.021620 0.045280 0.019655 0.886912
0.205563 0.021527 0.094090 0.162069 0.422383 0.094368
0.395711 0.257248 0.002060 0.044928 0.271139 0.028914
0.996697 0.000987 0.001527 0.000002 0.000490 0.000298
0.521647 0.472144 0.000252 0.000025 0.004651 0.001281
0.212018 0.164532 0.568276 0.000423 0.021412 0.033338
0.116693 0.871457 0.000445 0.000031 0.000636 0.010738
0.430931 0.002026 0.202865 0.232713 0.085666 0.045799
0.430931 0.002026 0.202865 0.232713 0.085666 0.045799
0.328623 0.475045 0.002090 0.003748 0.110059 0.080435
0.003875 0.007742 0.000376 0.000159 0.010729 0.977119
0.111965 0.002698 0.421143 0.291611 0.117925 0.054659
0.111965 0.002698 0.421143 0.291611 0.117925 0.054659
0.027208 0.848562 0.001783 0.002478 0.105623 0.014346
0.352079 0.030066 0.236414 0.075440 0.070816 0.235185
0.002560 0.085655 0.000827 0.386229 0.027450 0.497280
0.038556 0.082210 0.005367 0.011851 0.849271 0.012745
0.357819 0.265313 0.014675 0.002657 0.240819 0.118716
0.368994 0.002414 0.235798 0.007053 0.340433 0.045308
0.000011 0.000337 0.974799 0.020989 0.003777 0.000087
0.016013 0.556920 0.000304 0.007626 0.084119 0.335017
0.198637 0.006051 0.129118 0.030811 0.607072 0.028310
0.010752 0.988023 0.000036 0.000002 0.001000 0.000187
0.722475 0.020634 0.065657 0.009493 0.152424 0.029317
0.796832 0.191877 0.000621 0.000767 0.009683 0.000221
0.118637 0.008470 0.132915 0.106546 0.365600 0.267832
0.008134 0.839138 0.000242 0.001731 0.104227 0.046528
0.163861 0.006136 0.124212 0.027661 0.634439 0.043690
0.081779 0.812105 0.000097 0.000121 0.098702 0.007196
0.707263 0.008141 0.037587 0.032724 0.174046 0.040239
0.009603 0.737588 0.000550 0.000009 0.000018 0.252232
0.170117 0.020666 0.694612 0.016982 0.039610 0.058013
0.125565 0.844723 0.000151 0.000074 0.027005 0.002481
0.984273 0.011357 0.000626 0.000425 0.002915 0.000404
0.984273 0.011357 0.000626 0.000425 0.002915 0.000404
0.024905 0.002338 0.372610 0.260457 0.257224 0.082466
0.024905 0.002338 0.372610 0.260457 0.257224 0.082466
0.031454 0.000986 0.187525 0.351068 0.415891 0.013076
0.031454 0.000986 0.187525 0.351068 0.415891 0.013076
0.003190 0.000638 0.828507 0.139401 0.010194 0.018071
0.000362 0.018103 0.000830 0.016450 0.947444 0.016810
0.000830 0.066406 0.000225 0.000647 0.906460 0.025433
0.028799 0.002363 0.005083 0.001251 0.029172 0.933332
0.017311 0.794789 0.003664 0.001390 0.159835 0.023011
0.013577 0.000328 0.105301 0.051244 0.004390 0.825159
0.013577 0.000328 0.105301 0.051244 0.004390 0.825159
0.032706 0.002082 0.051940 0.018130 0.013798 0.881345
0.032706 0.002082 0.051940 0.018130 0.013798 0.881345
0.000236 0.000060 0.601579 0.014612 0.018657 0.364856
0.162517 0.002476 0.019597 0.155143 0.043335 0.616933
0.162517 0.002476 0.019597 0.155143 0.043335 0.616933
0.789122 0.002547 0.006904 0.025310 0.005106 0.171010
0.927875 0.061171 0.000287 0.000044 0.000869 0.009754
0.118193 0.001883 0.040820 0.455284 0.131293 0.252526
0.118193 0.001883 0.040820 0.455284 0.131293 0.252526
0.477495 0.007746 0.044969 0.169636 0.072512 0.227643
0.969414 0.021663 0.000174 0.000295 0.008221 0.000233
0.005111 0.347719 0.000888 0.005303 0.018568 0.622410
0.518303 0.009994 0.373836 0.017542 0.065929 0.014396
0.083785 0.283379 0.023075 0.007140 0.060008 0.542613
0.026710 0.002826 0.410599 0.317350 0.221702 0.020813
0.003637 0.026186 0.021590 0.004062 0.037343 0.907183
0.832219 0.001391 0.062821 0.015103 0.065051 0.023415
0.016385 0.020161 0.002545 0.000993 0.950285 0.009631
0.085023 0.909004 0.001378 0.000010 0.002175 0.002410
0.137066 0.009842 0.411948 0.079343 0.345362 0.016439
0.317899 0.663685 0.000843 0.000002 0.017365 0.000207
0.139525 0.003128 0.587065 0.054568 0.194188 0.021526
0.012528 0.078627 0.006707 0.000418 0.898102 0.003619
0.383053 0.006908 0.030480 0.093007 0.476207 0.010345
0.791285 0.207912 0.000010 0.000000 0.000613 0.000180
0.157730 0.002345 0.023248 0.357821 0.438247 0.020609
0.201099 0.580516 0.001774 0.002341 0.149521 0.064749
0.699061 0.212054 0.015038 0.004682 0.053623 0.015542
0.699061 0.212054 0.015038 0.004682 0.053623 0.015542
0.410017 0.004169 0.168307 0.007471 0.390398 0.019637
0.072511 0.037023 0.005562 0.005149 0.864087 0.015668
0.258553 0.001812 0.011377 0.001736 0.723018 0.003503
0.409468 0.021732 0.000830 0.000029 0.566466 0.001475
0.862692 0.000717 0.033740 0.008809 0.087522 0.006520
0.181371 0.135493 0.002297 0.025348 0.558637 0.096853
0.990244 0.002179 0.004520 0.000029 0.001571 0.001458
0.990244 0.002179 0.004520 0.000029 0.001571 0.001458
0.397512 0.002526 0.132285 0.128861 0.330006 0.008809
0.105542 0.171739 0.065052 0.002036 0.621783 0.033847
0.533471 0.000688 0.165866 0.265581 0.015459 0.018935
0.186162 0.101735 0.002009 0.009315 0.039999 0.660780
0.987699 0.004772 0.004643 0.000597 0.001832 0.000457
0.987699 0.004772 0.004643 0.000597 0.001832 0.000457
0.022006 0.000735 0.710567 0.221133 0.010829 0.034730
0.915692 0.065196 0.000135 0.000133 0.010929 0.007915
0.039559 0.000960 0.423369 0.384092 0.094470 0.057551
0.109095 0.835193 0.000374 0.000508 0.007006 0.047825
0.717419 0.253180 0.000534 0.000177 0.020710 0.007980
0.334572 0.004403 0.479388 0.057225 0.083640 0.040773
0.782792 0.125956 0.003880 0.000986 0.083101 0.003286
0.940915 0.017102 0.018929 0.000785 0.020919 0.001350
0.940915 0.017102 0.018929 0.000785 0.020919 0.001350
0.002703 0.401019 0.001468 0.023133 0.100952 0.470725
0.723879 0.023667 0.246644 0.001173 0.000950 0.003687
0.723879 0.023667 0.246644 0.001173 0.000950 0.003687
0.435355 0.001692 0.051009 0.079826 0.417061 0.015058
0.079881 0.670941 0.002525 0.002851 0.017048 0.226755
0.223620 0.001103 0.048461 0.037041 0.643255 0.046520
0.003978 0.004400 0.969399 0.004051 0.017688 0.000484
0.010047 0.000179 0.609407 0.053144 0.317405 0.009818
0.010047 0.000179 0.609407 0.053144 0.317405 0.009818
0.346013 0.002264 0.020322 0.053497 0.571010 0.006894
0.954894 0.040161 0.000005 0.000000 0.004920 0.000020
0.017214 0.774187 0.002466 0.003583 0.011304 0.191246
0.248445 0.008102 0.364081 0.050495 0.280990 0.047887
0.069284 0.905101 0.000028 0.000007 0.024348 0.001232
0.982764 0.003707 0.006681 0.000212 0.003671 0.002965
0.088873 0.877193 0.010922 0.000347 0.008755 0.013910
0.054505 0.012053 0.568407 0.279172 0.061147 0.024717
0.024746 0.857918 0.004254 0.002038 0.094664 0.016380
0.992201 0.005757 0.000768 0.000077 0.000918 0.000279
0.134021 0.340408 0.000979 0.002782 0.486004 0.035807
0.741591 0.011537 0.112546 0.062002 0.038136 0.034188
0.106408 0.467533 0.012375 0.020144 0.338188 0.055352
0.568388 0.001987 0.330026 0.011454 0.076801 0.011344
0.568388 0.001987 0.330026 0.011454 0.076801 0.011344
0.096573 0.002056 0.070469 0.050664 0.053608 0.726631
0.009174 0.001141 0.021468 0.314507 0.604594 0.049115
0.000878 0.000069 0.007367 0.001512 0.000357 0.989817
0.012709 0.000704 0.036095 0.000455 0.027306 0.922731
0.125444 0.000548 0.001933 0.000031 0.000042 0.872002
0.000631 0.000026 0.013679 0.002543 0.000133 0.982987
0.128052 0.000224 0.288165 0.013287 0.000198 0.570073
0.000095 0.000048 0.352290 0.001436 0.000024 0.646107
0.000095 0.000048 0.352290 0.001436 0.000024 0.646107
0.000503 0.000107 0.081987 0.000601 0.000296 0.916506
0.000503 0.000107 0.081987 0.000601 0.000296 0.916506
0.121185 0.003649 0.391097 0.045700 0.353388 0.084980
0.121185 0.003649 0.391097 0.045700 0.353388 0.084980
0.339300 0.008020 0.113326 0.034524 0.134905 0.369924
0.394908 0.086224 0.481351 0.000640 0.001101 0.035776
0.032491 0.010771 0.601354 0.007777 0.046182 0.301425
0.000340 0.000823 0.021798 0.202536 0.059884 0.714619
0.001728 0.000788 0.441390 0.113134 0.044031 0.398929
0.001728 0.000788 0.441390 0.113134 0.044031 0.398929
0.063570 0.001738 0.242111 0.008984 0.126940 0.556656
0.001376 0.001419 0.000134 0.000283 0.983470 0.013318
0.017220 0.001151 0.153436 0.064119 0.021038 0.743037
0.855747 0.044444 0.002314 0.000260 0.092716 0.004518
0.018815 0.000548 0.400935 0.027324 0.003496 0.548880
0.014685 0.000663 0.327729 0.101313 0.100449 0.455161
0.875959 0.002927 0.090746 0.001241 0.000727 0.028400
0.875959 0.002927 0.090746 0.001241 0.000727 0.028400
0.008628 0.006305 0.150041 0.044341 0.003324 0.787361
0.834339 0.008291 0.001213 0.009748 0.143144 0.003264
0.015341 0.002963 0.706914 0.008106 0.019854 0.246822
0.015341 0.002963 0.706914 0.008106 0.019854 0.246822
0.031528 0.000863 0.470071 0.016896 0.038366 0.442277
0.031528 0.000863 0.470071 0.016896 0.038366 0.442277
0.950605 0.003232 0.017945 0.000014 0.002861 0.025343
0.950605 0.003232 0.017945 0.000014 0.002861 0.025343
0.065757 0.000193 0.803191 0.092579 0.011087 0.027193
0.620860 0.019267 0.037088 0.013528 0.251713 0.057544
0.130196 0.001684 0.530310 0.103122 0.007209 0.227480
0.616617 0.063261 0.007386 0.028704 0.227454 0.056578
0.275937 0.001587 0.490936 0.042815 0.048287 0.140438
0.275937 0.001587 0.490936 0.042815 0.048287 0.140438
0.020204 0.000153 0.466241 0.173762 0.014245 0.325396
0.004157 0.000024 0.770428 0.108561 0.004304 0.112527
0.026271 0.000323 0.757406 0.126304 0.010133 0.079563
0.026271 0.000323 0.757406 0.126304 0.010133 0.079563
0.325093 0.001658 0.196159 0.200245 0.013892 0.262953
0.622080 0.012772 0.002860 0.044605 0.185438 0.132245
0.267815 0.003988 0.647867 0.000323 0.000555 0.079452
0.267815 0.003988 0.647867 0.000323 0.000555 0.079452
0.093786 0.000345 0.359692 0.026249 0.058811 0.461117
0.093786 0.000345 0.359692 0.026249 0.058811 0.461117
0.001380 0.000468 0.156188 0.010470 0.000764 0.830730
0.000218 0.000349 0.000099 0.844313 0.051912 0.103108
0.395059 0.003176 0.012285 0.001358 0.003119 0.585002
0.000008 0.000006 0.000769 0.943660 0.037785 0.017772
0.029548 0.003624 0.235170 0.028309 0.007397 0.695953
0.003364 0.000869 0.004939 0.019177 0.954907 0.016744
0.027101 0.001916 0.391314 0.028476 0.071595 0.479598
0.027101 0.001916 0.391314 0.028476 0.071595 0.479598
0.965123 0.001297 0.019568 0.000030 0.001061 0.012921
0.000032 0.000002 0.990426 0.008383 0.001124 0.000032
0.079058 0.008613 0.139276 0.025774 0.137817 0.609462
0.002169 0.009644 0.021265 0.037132 0.867463 0.062326
0.015670 0.000901 0.037210 0.024363 0.074975 0.846881
0.015670 0.000901 0.037210 0.024363 0.074975 0.846881
0.022344 0.000933 0.100310 0.032485 0.008367 0.835561
0.022344 0.000933 0.100310 0.032485 0.008367 0.835561
0.004351 0.000317 0.573898 0.033091 0.135779 0.252564
0.021722 0.055075 0.058241 0.058144 0.336887 0.469932
0.060169 0.001970 0.100679 0.111434 0.081327 0.644421
0.010520 0.006742 0.006937 0.256152 0.612941 0.106708
0.854134 0.007799 0.027061 0.001221 0.017028 0.092757
0.013555 0.043870 0.011856 0.098094 0.321836 0.510790
0.873670 0.007113 0.047266 0.002522 0.010623 0.058807
0.873670 0.007113 0.047266 0.002522 0.010623 0.058807
0.002801 0.000584 0.759697 0.087314 0.002077 0.147527
0.011723 0.019688 0.064664 0.081660 0.700509 0.121755
0.114561 0.005643 0.080563 0.251823 0.115713 0.431696
0.006266 0.001029 0.000527 0.004598 0.979980 0.007601
0.193082 0.001999 0.139259 0.003671 0.186649 0.475339
0.694561 0.061318 0.077142 0.002215 0.003252 0.161512
0.049120 0.000374 0.691498 0.004105 0.108969 0.145934
0.049120 0.000374 0.691498 0.004105 0.108969 0.145934
0.013463 0.008622 0.016062 0.282231 0.558782 0.120840
0.000817 0.000612 0.360466 0.002319 0.005806 0.629980
0.023856 0.042809 0.254653 0.070735 0.116800 0.491147
0.339905 0.008141 0.271239 0.299498 0.060821 0.020396
0.482351 0.016300 0.103021 0.014854 0.308182 0.075292
0.049746 0.049752 0.673243 0.067970 0.058214 0.101074
0.274344 0.004966 0.076178 0.003994 0.020566 0.619952
0.274344 0.004966 0.076178 0.003994 0.020566 0.619952
0.108918 0.006142 0.052241 0.035663 0.125756 0.671281
0.108918 0.006142 0.052241 0.035663 0.125756 0.671281
0.425532 0.042337 0.000914 0.019756 0.172199 0.339262
0.425532 0.042337 0.000914 0.019756 0.172199 0.339262
0.296497 0.020915 0.201768 0.018353 0.089622 0.372845
0.567768 0.047084 0.380830 0.001474 0.002518 0.000327
0.016129 0.005476 0.736904 0.051412 0.034267 0.155812
0.016129 0.005476 0.736904 0.051412 0.034267 0.155812
0.798192 0.007485 0.102198 0.005666 0.083587 0.002872
0.011963 0.003296 0.036625 0.013849 0.925459 0.008809
0.192563 0.039329 0.316547 0.042244 0.243935 0.165382
0.192563 0.039329 0.316547 0.042244 0.243935 0.165382
0.022481 0.021151 0.242629 0.101380 0.388306 0.224054
0.069182 0.035331 0.496931 0.228506 0.061840 0.108210
0.027702 0.019840 0.431402 0.208482 0.237837 0.074737
0.880676 0.001516 0.005017 0.000567 0.112175 0.000048
0.054733 0.007349 0.033187 0.000266 0.903181 0.001284
0.054733 0.007349 0.033187 0.000266 0.903181 0.001284
0.138274 0.011289 0.293909 0.003347 0.535305 0.017876
0.081280 0.003693 0.226848 0.016120 0.640131 0.031928
0.746184 0.010007 0.122276 0.005726 0.088671 0.027136
0.092578 0.001882 0.829667 0.004058 0.036613 0.035201
0.031293 0.003254 0.008899 0.002684 0.934033 0.019838
0.778723 0.003163 0.002450 0.000682 0.210235 0.004746
0.287552 0.006040 0.198729 0.013537 0.470095 0.024047
0.581710 0.001925 0.068413 0.001751 0.344920 0.001282
0.005203 0.000788 0.012455 0.003256 0.973678 0.004620
0.994910 0.002812 0.001097 0.000045 0.000990 0.000146
0.903091 0.003345 0.047619 0.010907 0.015804 0.019235
0.992710 0.003340 0.002001 0.000096 0.001623 0.000231
0.998979 0.000754 0.000226 0.000001 0.000022 0.000018
0.903825 0.001328 0.009337 0.005394 0.078005 0.002111
0.692423 0.000415 0.037831 0.000575 0.267272 0.001484
0.454478 0.005417 0.003246 0.001919 0.530947 0.003993
0.853582 0.001719 0.115349 0.000704 0.028353 0.000292
0.296451 0.017347 0.531407 0.025605 0.084628 0.044562
0.946436 0.046860 0.005706 0.000023 0.000897 0.000079
0.106983 0.014247 0.314336 0.051508 0.138791 0.374134
0.024443 0.030967 0.037218 0.886738 0.009424 0.011209
0.640176 0.008733 0.002322 0.003653 0.336297 0.008819
0.002777 0.000055 0.012243 0.966049 0.005571 0.013305
0.922164 0.007537 0.003015 0.001339 0.057452 0.008492
0.001298 0.000074 0.004344 0.990472 0.001431 0.002381
0.780084 0.029655 0.052080 0.003141 0.121187 0.013852
0.766875 0.003466 0.148767 0.000984 0.078866 0.001042
0.029126 0.014909 0.194272 0.167147 0.214975 0.379571
0.064614 0.001780 0.636271 0.012386 0.278440 0.006509
0.683417 0.006098 0.078044 0.017839 0.171720 0.042882
0.313966 0.000127 0.685834 0.000029 0.000038 0.000007
0.976871 0.005678 0.007010 0.000029 0.009734 0.000677
0.976871 0.005678 0.007010 0.000029 0.009734 0.000677
0.013919 0.000009 0.986018 0.000007 0.000047 0.000001
0.000031 0.000001 0.969892 0.029788 0.000274 0.000013
0.575496 0.008766 0.106709 0.000631 0.295982 0.012416
0.004136 0.000018 0.995541 0.000162 0.000140 0.000003
0.615158 0.009919 0.075207 0.010224 0.273288 0.016204
0.615158 0.009919 0.075207 0.010224 0.273288 0.016204
0.134924 0.005951 0.022320 0.169110 0.634422 0.033273
0.856656 0.133516 0.006953 0.000056 0.000120 0.002699
0.943752 0.028406 0.019441 0.000309 0.003451 0.004641
0.001683 0.000776 0.079644 0.251500 0.655101 0.011296
0.001683 0.000776 0.079644 0.251500 0.655101 0.011296
0.372916 0.007349 0.256151 0.000013 0.363288 0.000282
0.028860 0.020399 0.297371 0.188609 0.333765 0.130996
0.028860 0.020399 0.297371 0.188609 0.333765 0.130996
0.042089 0.024201 0.101426 0.101022 0.475209 0.256054
0.042089 0.024201 0.101426 0.101022 0.475209 0.256054
0.000388 0.000537 0.023785 0.555494 0.128591 0.291205
0.122879 0.008074 0.196235 0.127663 0.510099 0.035050
0.122879 0.008074 0.196235 0.127663 0.510099 0.035050
0.039352 0.001748 0.326997 0.012195 0.609610 0.010098
0.039352 0.001748 0.326997 0.012195 0.609610 0.010098
0.030606 0.001274 0.079345 0.010589 0.009790 0.868396
0.030606 0.001274 0.079345 0.010589 0.009790 0.868396
0.944703 0.022250 0.003061 0.000022 0.000813 0.029151
0.944703 0.022250 0.003061 0.000022 0.000813 0.029151
0.159801 0.023015 0.044854 0.010094 0.731142 0.031094
0.000006 0.000021 0.001643 0.001105 0.000008 0.997217
0.480645 0.014326 0.031395 0.021215 0.437103 0.015316
0.017753 0.002350 0.007746 0.012323 0.003385 0.956443
0.770961 0.054466 0.154570 0.000838 0.011847 0.007318
0.770961 0.054466 0.154570 0.000838 0.011847 0.007318
0.936557 0.058918 0.002881 0.000095 0.000875 0.000673
0.726690 0.265050 0.001181 0.000294 0.004473 0.002313
0.379009 0.002149 0.185264 0.005350 0.416303 0.011926
0.379009 0.002149 0.185264 0.005350 0.416303 0.011926
0.783659 0.009285 0.009517 0.000194 0.183643 0.013702
0.344514 0.012797 0.389696 0.029073 0.159848 0.064073
0.021176 0.001931 0.099204 0.004625 0.006629 0.866435
0.594378 0.001133 0.074254 0.003846 0.320742 0.005648
0.047488 0.000396 0.951002 0.000130 0.000960 0.000024
0.050237 0.003355 0.021900 0.114173 0.703671 0.106665
0.003121 0.017054 0.011748 0.370243 0.542962 0.054871
0.704008 0.004486 0.017414 0.035985 0.213581 0.024525
0.131067 0.134854 0.004457 0.016700 0.365628 0.347295
0.141360 0.001403 0.019054 0.048621 0.770476 0.019087
0.909981 0.038708 0.000657 0.000786 0.018814 0.031054
0.720810 0.002689 0.008013 0.006720 0.241273 0.020494
0.231020 0.040604 0.007547 0.008159 0.699264 0.013405
0.754563 0.126860 0.076481 0.002326 0.008197 0.031573
0.001490 0.005040 0.049367 0.001660 0.000178 0.942266
0.042522 0.003616 0.289521 0.096004 0.477057 0.091280
0.524804 0.074926 0.009216 0.014123 0.320886 0.056045
0.100260 0.005986 0.353190 0.294057 0.146948 0.099558
0.545708 0.236557 0.031131 0.014579 0.131381 0.040644
0.525247 0.008174 0.003354 0.014876 0.442136 0.006214
0.927290 0.023582 0.000624 0.000418 0.047018 0.001067
0.385538 0.007225 0.034395 0.007233 0.530815 0.034793
0.385538 0.007225 0.034395 0.007233 0.530815 0.034793
0.950751 0.002543 0.000430 0.000358 0.045561 0.000356
0.999463 0.000330 0.000002 0.000000 0.000202 0.000003
0.894457 0.007165 0.000872 0.000354 0.095361 0.001790
0.520090 0.022585 0.080779 0.012196 0.341374 0.022977
0.242883 0.009338 0.164236 0.002003 0.009759 0.571780
0.001603 0.001269 0.489730 0.003590 0.002421 0.501386
0.023304 0.001553 0.172600 0.015860 0.009829 0.776854
0.023304 0.001553 0.172600 0.015860 0.009829 0.776854
0.371477 0.005185 0.013714 0.005523 0.021206 0.582895
0.371477 0.005185 0.013714 0.005523 0.021206 0.582895
0.982133 0.000726 0.015932 0.000116 0.001057 0.000036
0.982133 0.000726 0.015932 0.000116 0.001057 0.000036
0.370776 0.010535 0.091427 0.018026 0.499190 0.010046
0.129981 0.007782 0.099404 0.002734 0.751280 0.008819
0.371915 0.003766 0.002346 0.001285 0.620257 0.000431
0.371915 0.003766 0.002346 0.001285 0.620257 0.000431
0.032253 0.002094 0.049228 0.047199 0.867149 0.002077
0.032253 0.002094 0.049228 0.047199 0.867149 0.002077
0.202801 0.012891 0.060532 0.008478 0.691687 0.023611
0.022439 0.011490 0.039574 0.118722 0.648750 0.159026
0.604724 0.001544 0.002831 0.001370 0.387585 0.001946
0.304151 0.003236 0.001431 0.005437 0.672760 0.012986
0.703045 0.001967 0.076139 0.038126 0.165069 0.015654
0.703045 0.001967 0.076139 0.038126 0.165069 0.015654
0.937186 0.052977 0.009340 0.000021 0.000331 0.000144
0.937186 0.052977 0.009340 0.000021 0.000331 0.000144
0.927778 0.061110 0.002469 0.000183 0.006710 0.001750
0.927778 0.061110 0.002469 0.000183 0.006710 0.001750
0.899144 0.012153 0.001990 0.002338 0.082398 0.001977
0.899144 0.012153 0.001990 0.002338 0.082398 0.001977
0.905368 0.010119 0.007846 0.001352 0.074176 0.001139
0.098779 0.018090 0.288333 0.114190 0.471192 0.009416
0.862501 0.013919 0.045621 0.004496 0.068502 0.004961
0.214579 0.040434 0.258466 0.219330 0.195806 0.071384
0.102721 0.001022 0.017317 0.008154 0.848473 0.022312
0.124367 0.000940 0.027011 0.000036 0.847396 0.000250
0.124367 0.000940 0.027011 0.000036 0.847396 0.000250
0.958604 0.008515 0.003134 0.000019 0.028893 0.000835
0.958604 0.008515 0.003134 0.000019 0.028893 0.000835
0.762577 0.008939 0.019711 0.000227 0.207722 0.000825
0.762577 0.008939 0.019711 0.000227 0.207722 0.000825
0.986302 0.011010 0.001406 0.000003 0.000981 0.000298
0.986302 0.011010 0.001406 0.000003 0.000981 0.000298
0.503078 0.010024 0.150008 0.039321 0.263405 0.034165
0.937876 0.001742 0.018255 0.000268 0.041067 0.000792
0.899121 0.089508 0.002758 0.000173 0.007959 0.000481
0.899121 0.089508 0.002758 0.000173 0.007959 0.000481
0.078319 0.010577 0.013228 0.050434 0.834832 0.012611
0.956996 0.041192 0.000520 0.000013 0.001063 0.000216
0.088939 0.003793 0.012741 0.007501 0.882488 0.004538
0.088939 0.003793 0.012741 0.007501 0.882488 0.004538
0.921514 0.001716 0.008654 0.001752 0.064049 0.002316
0.921514 0.001716 0.008654 0.001752 0.064049 0.002316
0.887065 0.002508 0.000180 0.000835 0.105187 0.004226
0.848765 0.000707 0.000281 0.135695 0.003461 0.011092
0.989524 0.010119 0.000054 0.000002 0.000099 0.000201
0.989524 0.010119 0.000054 0.000002 0.000099 0.000201
0.872177 0.043796 0.005924 0.000827 0.061002 0.016274
0.828427 0.004005 0.029145 0.026550 0.059422 0.052451
0.997217 0.001448 0.000173 0.000015 0.000967 0.000179
0.997217 0.001448 0.000173 0.000015 0.000967 0.000179
0.236578 0.002052 0.077616 0.000878 0.674402 0.008475
0.236578 0.002052 0.077616 0.000878 0.674402 0.008475
0.062173 0.000949 0.014540 0.006073 0.909860 0.006405
0.001422 0.000004 0.985611 0.012708 0.000223 0.000031
0.770461 0.000260 0.000236 0.000003 0.229019 0.000021
0.770461 0.000260 0.000236 0.000003 0.229019 0.000021
0.015210 0.000074 0.966235 0.015462 0.002754 0.000265
0.170638 0.005713 0.289832 0.015326 0.507020 0.011471
0.170638 0.005713 0.289832 0.015326 0.507020 0.011471
0.293000 0.007348 0.115942 0.052419 0.487316 0.043976
0.278037 0.024241 0.081555 0.114889 0.334262 0.167015
0.994542 0.003500 0.000124 0.000016 0.001452 0.000366
0.968276 0.007644 0.008291 0.001231 0.012064 0.002494
0.006241 0.000923 0.015035 0.008551 0.961922 0.007328
0.006241 0.000923 0.015035 0.008551 0.961922 0.007328
0.604776 0.004407 0.055286 0.064550 0.256061 0.014920
0.604776 0.004407 0.055286 0.064550 0.256061 0.014920
0.468829 0.019794 0.031187 0.019608 0.411569 0.049014
0.542689 0.037033 0.119034 0.019375 0.086712 0.195158
0.218627 0.007277 0.043341 0.011516 0.708863 0.010376
0.218627 0.007277 0.043341 0.011516 0.708863 0.010376
0.795182 0.191766 0.000608 0.000392 0.004332 0.007720
0.795182 0.191766 0.000608 0.000392 0.004332 0.007720
0.924503 0.001610 0.030100 0.004838 0.037956 0.000994
0.924503 0.001610 0.030100 0.004838 0.037956 0.000994
0.550968 0.003377 0.012221 0.009927 0.413584 0.009923
0.108882 0.007298 0.014421 0.033338 0.821196 0.014865
0.992396 0.000759 0.006037 0.000016 0.000581 0.000211
0.125100 0.004403 0.031296 0.009948 0.826975 0.002278
0.041500 0.002447 0.005705 0.002767 0.946605 0.000975
0.436482 0.057000 0.023165 0.000503 0.000760 0.482091
0.436482 0.057000 0.023165 0.000503 0.000760 0.482091
0.037987 0.002519 0.072525 0.001277 0.001341 0.884350
0.037987 0.002519 0.072525 0.001277 0.001341 0.884350
0.899934 0.004067 0.006966 0.000054 0.000294 0.088684
0.899934 0.004067 0.006966 0.000054 0.000294 0.088684
0.570764 0.010269 0.003280 0.010398 0.035640 0.369649
0.783101 0.003504 0.090453 0.037829 0.066909 0.018203
0.233326 0.005751 0.048478 0.015383 0.089081 0.607981
0.233326 0.005751 0.048478 0.015383 0.089081 0.607981
0.723159 0.002149 0.001228 0.014967 0.107131 0.151367
0.456830 0.001078 0.125108 0.153386 0.221293 0.042305
0.078762 0.007990 0.040921 0.071361 0.067541 0.733426
0.078762 0.007990 0.040921 0.071361 0.067541 0.733426
0.017332 0.004417 0.206679 0.006891 0.017849 0.746832
0.200786 0.000913 0.603049 0.027184 0.151356 0.016713
0.003050 0.000556 0.047829 0.001094 0.941340 0.006132
0.003018 0.001184 0.598811 0.007391 0.005904 0.383692
0.157576 0.001372 0.042863 0.047254 0.719638 0.031297
0.157576 0.001372 0.042863 0.047254 0.719638 0.031297
0.989781 0.002046 0.003040 0.000003 0.000527 0.004603
0.870225 0.010245 0.005713 0.001267 0.080659 0.031891
0.870225 0.010245 0.005713 0.001267 0.080659 0.031891
0.984194 0.001674 0.010280 0.000042 0.002777 0.001033
0.052362 0.001114 0.826882 0.062262 0.050467 0.006914
0.733002 0.002862 0.104575 0.022875 0.128544 0.008141
0.999787 0.000005 0.000014 0.000000 0.000193 0.000000
0.886183 0.087805 0.023335 0.000332 0.001111 0.001234
0.987876 0.000732 0.001857 0.000003 0.009524 0.000009
0.079372 0.010235 0.499139 0.079439 0.273725 0.058089
0.079372 0.010235 0.499139 0.079439 0.273725 0.058089
0.980209 0.002841 0.002054 0.000031 0.013414 0.001450
0.945573 0.039432 0.005875 0.000411 0.005994 0.002714
0.049958 0.002656 0.071243 0.002485 0.858306 0.015351
0.968363 0.027096 0.002625 0.000044 0.001346 0.000525
0.997157 0.001195 0.000721 0.000002 0.000881 0.000043
0.997157 0.001195 0.000721 0.000002 0.000881 0.000043
0.049709 0.000396 0.013636 0.006859 0.922322 0.007078
0.300687 0.001093 0.034852 0.005042 0.636254 0.022071
0.300687 0.001093 0.034852 0.005042 0.636254 0.022071
0.107869 0.001217 0.087966 0.028316 0.749908 0.024724
0.329906 0.001979 0.289209 0.014296 0.313193 0.051416
0.291983 0.001135 0.058712 0.006114 0.605703 0.036352
0.120963 0.011609 0.440674 0.058988 0.313181 0.054586
0.261646 0.004785 0.345880 0.146261 0.170480 0.070948
0.888773 0.001292 0.013322 0.002048 0.092381 0.002184
0.810978 0.006899 0.079734 0.030812 0.060643 0.010934
0.975777 0.000157 0.000809 0.000048 0.023022 0.000186
0.999470 0.000130 0.000297 0.000004 0.000065 0.000035
0.999470 0.000130 0.000297 0.000004 0.000065 0.000035
0.948115 0.002237 0.002802 0.001581 0.030407 0.014858
0.013385 0.000033 0.007048 0.951405 0.019412 0.008717
0.231445 0.000045 0.114595 0.080241 0.572382 0.001293
0.676580 0.000389 0.027144 0.014277 0.261279 0.020332
0.000435 0.000003 0.998699 0.000221 0.000636 0.000006
0.072266 0.002011 0.002243 0.061727 0.840022 0.021731
0.121456 0.002994 0.010681 0.023073 0.829035 0.012762
0.182378 0.002544 0.307134 0.149792 0.340379 0.017774
0.946787 0.025080 0.023160 0.000022 0.004802 0.000150
0.098920 0.000528 0.124677 0.009904 0.712184 0.053786
0.745640 0.001229 0.053061 0.000008 0.199842 0.000220
0.949856 0.000628 0.018862 0.005294 0.021048 0.004312
0.949856 0.000628 0.018862 0.005294 0.021048 0.004312
0.961405 0.000537 0.000187 0.000124 0.037328 0.000420
0.002386 0.000615 0.000619 0.236368 0.740529 0.019484
0.907464 0.013493 0.023833 0.002026 0.010620 0.042564
0.907464 0.013493 0.023833 0.002026 0.010620 0.042564
0.847730 0.005815 0.026470 0.010116 0.099064 0.010805
0.847730 0.005815 0.026470 0.010116 0.099064 0.010805
0.972687 0.001222 0.001347 0.000172 0.023401 0.001170
0.972687 0.001222 0.001347 0.000172 0.023401 0.001170
0.018014 0.001054 0.126576 0.000163 0.003069 0.851124
0.018014 0.001054 0.126576 0.000163 0.003069 0.851124
0.981751 0.000845 0.000631 0.000184 0.009620 0.006969
0.900771 0.001710 0.016711 0.003603 0.010919 0.066286
0.978949 0.009077 0.011681 0.000006 0.000240 0.000047
0.978949 0.009077 0.011681 0.000006 0.000240 0.000047
0.870348 0.023819 0.104700 0.000028 0.000239 0.000865
0.870348 0.023819 0.104700 0.000028 0.000239 0.000865
0.985192 0.001300 0.008757 0.000217 0.003243 0.001291
0.665572 0.000873 0.203263 0.017511 0.110375 0.002406
0.898774 0.002825 0.030312 0.012303 0.050229 0.005556
0.898774 0.002825 0.030312 0.012303 0.050229 0.005556
0.950339 0.000189 0.000082 0.000005 0.049337 0.000048
0.950339 0.000189 0.000082 0.000005 0.049337 0.000048
0.013027 0.001412 0.001075 0.002221 0.978965 0.003300
0.844564 0.013908 0.049239 0.000662 0.057093 0.034534
0.888617 0.004593 0.010354 0.002178 0.011106 0.083152
0.998376 0.000694 0.000115 0.000000 0.000775 0.000040
0.669645 0.000889 0.076151 0.002175 0.208694 0.042446
0.669645 0.000889 0.076151 0.002175 0.208694 0.042446
0.636535 0.011527 0.187014 0.032424 0.064844 0.067657
0.636535 0.011527 0.187014 0.032424 0.064844 0.067657
0.798635 0.006618 0.153888 0.001030 0.009202 0.030627
0.798635 0.006618 0.153888 0.001030 0.009202 0.030627
0.999838 0.000008 0.000128 0.000008 0.000017 0.000001
0.999838 0.000008 0.000128 0.000008 0.000017 0.000001
0.989170 0.010480 0.000049 0.000005 0.000247 0.000048
0.989170 0.010480 0.000049 0.000005 0.000247 0.000048
0.019487 0.002052 0.082649 0.005038 0.860835 0.029939
0.019487 0.002052 0.082649 0.005038 0.860835 0.029939
0.541083 0.040271 0.057864 0.017738 0.275740 0.067304
0.022749 0.005686 0.002293 0.572504 0.335106 0.061662
0.994802 0.003752 0.000520 0.000007 0.000797 0.000123
0.994802 0.003752 0.000520 0.000007 0.000797 0.000123
0.935260 0.003986 0.006105 0.000844 0.051256 0.002549
0.935260 0.003986 0.006105 0.000844 0.051256 0.002549
0.901448 0.092023 0.004619 0.000022 0.001646 0.000242
0.230078 0.020338 0.053926 0.015540 0.600620 0.079498
0.230078 0.020338 0.053926 0.015540 0.600620 0.079498
0.999856 0.000047 0.000018 0.000000 0.000074 0.000004
0.790620 0.000864 0.032571 0.000889 0.162410 0.012645
0.790620 0.000864 0.032571 0.000889 0.162410 0.012645
0.966451 0.001217 0.011968 0.000056 0.017306 0.003002
0.966451 0.001217 0.011968 0.000056 0.017306 0.003002
0.981970 0.000106 0.000405 0.000028 0.017382 0.000110
0.981970 0.000106 0.000405 0.000028 0.017382 0.000110
0.988599 0.002676 0.004700 0.000002 0.003604 0.000419
0.988599 0.002676 0.004700 0.000002 0.003604 0.000419
0.122891 0.001437 0.074632 0.006277 0.777899 0.016864
0.122891 0.001437 0.074632 0.006277 0.777899 0.016864
0.999913 0.000005 0.000060 0.000000 0.000019 0.000002
0.999913 0.000005 0.000060 0.000000 0.000019 0.000002
0.319087 0.002015 0.065095 0.007825 0.594068 0.011910
0.319087 0.002015 0.065095 0.007825 0.594068 0.011910
0.999116 0.000666 0.000033 0.000000 0.000168 0.000017
0.999116 0.000666 0.000033 0.000000 0.000168 0.000017
0.929182 0.001844 0.000720 0.000140 0.065576 0.002538
0.929182 0.001844 0.000720 0.000140 0.065576 0.002538
0.945612 0.000140 0.000314 0.000104 0.053607 0.000223
0.945612 0.000140 0.000314 0.000104 0.053607 0.000223
0.604549 0.002569 0.011776 0.000330 0.368370 0.012406
0.604549 0.002569 0.011776 0.000330 0.368370 0.012406
0.999865 0.000057 0.000029 0.000000 0.000044 0.000004
0.970834 0.003186 0.009956 0.001212 0.011878 0.002934
0.970834 0.003186 0.009956 0.001212 0.011878 0.002934
0.934271 0.001016 0.048565 0.000623 0.012586 0.002940
0.934271 0.001016 0.048565 0.000623 0.012586 0.002940
0.949235 0.000232 0.022489 0.008562 0.016678 0.002802
0.949235 0.000232 0.022489 0.008562 0.016678 0.002802
0.991300 0.000323 0.003129 0.000130 0.004733 0.000385
0.991300 0.000323 0.003129 0.000130 0.004733 0.000385
0.947231 0.001478 0.025337 0.002969 0.021388 0.001597
0.947231 0.001478 0.025337 0.002969 0.021388 0.001597
0.947493 0.000963 0.020013 0.009170 0.021312 0.001050
0.864729 0.000985 0.014956 0.057456 0.054517 0.007358
0.941381 0.000322 0.036236 0.002612 0.016067 0.003382
0.941381 0.000322 0.036236 0.002612 0.016067 0.003382
0.735724 0.005183 0.204339 0.001388 0.042292 0.011074
0.734199 0.002649 0.032697 0.002368 0.223875 0.004212
0.970627 0.000401 0.006834 0.002381 0.018521 0.001236
0.557004 0.009225 0.023284 0.002348 0.395146 0.012993
0.281992 0.017839 0.218664 0.054493 0.362688 0.064324
0.988040 0.000434 0.001455 0.000226 0.009158 0.000686
0.988040 0.000434 0.001455 0.000226 0.009158 0.000686
0.510156 0.005776 0.186659 0.006521 0.207940 0.082949
0.408594 0.003544 0.019243 0.008517 0.541019 0.019082
0.057242 0.008788 0.022429 0.779335 0.002101 0.130106
0.987053 0.010271 0.001449 0.000004 0.000033 0.001189
0.987053 0.010271 0.001449 0.000004 0.000033 0.001189
0.952598 0.002308 0.002778 0.000317 0.035576 0.006423
0.009778 0.000054 0.000349 0.931757 0.043293 0.014768
0.932191 0.004360 0.004311 0.004003 0.012684 0.042452
0.909784 0.000638 0.002144 0.033080 0.030666 0.023688
0.987362 0.002922 0.001733 0.000063 0.005250 0.002669
0.000506 0.000020 0.006360 0.946250 0.019770 0.027094
0.000034 0.000003 0.008138 0.976709 0.011081 0.004036
0.932535 0.063857 0.001205 0.000012 0.000132 0.002259
0.932535 0.063857 0.001205 0.000012 0.000132 0.002259
0.373786 0.008862 0.060044 0.000867 0.514986 0.041455
0.373786 0.008862 0.060044 0.000867 0.514986 0.041455
0.941214 0.001792 0.012387 0.000593 0.004118 0.039896
0.941214 0.001792 0.012387 0.000593 0.004118 0.039896
0.931140 0.002688 0.008921 0.000523 0.006817 0.049911
0.931140 0.002688 0.008921 0.000523 0.006817 0.049911
0.999352 0.000396 0.000029 0.000000 0.000192 0.000031
0.993764 0.001059 0.000130 0.000006 0.004883 0.000158
0.930007 0.007604 0.001654 0.005508 0.039897 0.015328
0.929519 0.011025 0.011543 0.009474 0.019742 0.018698
0.990941 0.007009 0.001326 0.000032 0.000526 0.000166
