0.156017 0.634252 0.023159 0.009462 0.005522 0.171588
0.156017 0.634252 0.023159 0.009462 0.005522 0.171588
0.128794 0.200508 0.025988 0.036317 0.008257 0.600136
0.097869 0.259062 0.021839 0.038246 0.006925 0.576058
0.067090 0.046932 0.011588 0.074191 0.005528 0.794672
0.065601 0.100746 0.022187 0.053885 0.005675 0.751906
0.099114 0.383502 0.028506 0.020493 0.017099 0.451285
0.040893 0.041350 0.029553 0.116265 0.003796 0.768142
0.087073 0.146226 0.017943 0.023617 0.006737 0.718404
0.087073 0.146226 0.017943 0.023617 0.006737 0.718404
0.124983 0.135635 0.034975 0.103000 0.118591 0.482816
0.121374 0.129511 0.051177 0.123444 0.144958 0.429536
0.108373 0.072265 0.020626 0.142777 0.083600 0.572358
0.195300 0.569131 0.032582 0.024915 0.020430 0.157642
0.121070 0.102349 0.015345 0.030300 0.011823 0.719111
0.073333 0.027463 0.014034 0.096789 0.009950 0.778432
0.473217 0.233673 0.012585 0.022275 0.006297 0.251953
0.473217 0.233673 0.012585 0.022275 0.006297 0.251953
0.096755 0.111735 0.016039 0.043205 0.018650 0.713616
0.096755 0.111735 0.016039 0.043205 0.018650 0.713616
0.028261 0.027834 0.025259 0.157169 0.008308 0.753169
0.051159 0.103641 0.043326 0.144847 0.009652 0.647375
0.058907 0.173396 0.036970 0.104842 0.030707 0.595179
0.058907 0.173396 0.036970 0.104842 0.030707 0.595179
0.039267 0.107897 0.014495 0.090122 0.015513 0.732707
0.090532 0.336560 0.023367 0.039992 0.012489 0.497059
0.089116 0.090736 0.028937 0.091273 0.026514 0.673424
0.180839 0.627789 0.023087 0.010848 0.009871 0.147566
0.027904 0.042068 0.022829 0.079072 0.007619 0.820509
0.027904 0.042068 0.022829 0.079072 0.007619 0.820509
0.041689 0.070268 0.030558 0.096550 0.029130 0.731804
0.041689 0.070268 0.030558 0.096550 0.029130 0.731804
0.065601 0.100746 0.022187 0.053885 0.005675 0.751906
0.065601 0.100746 0.022187 0.053885 0.005675 0.751906
0.040893 0.041350 0.029553 0.116265 0.003796 0.768142
0.040893 0.041350 0.029553 0.116265 0.003796 0.768142
0.083305 0.085549 0.033097 0.070837 0.004435 0.722776
0.543271 0.324564 0.023310 0.009046 0.001466 0.098343
0.089433 0.235507 0.060472 0.063351 0.018897 0.532340
0.049866 0.584884 0.158594 0.029328 0.022221 0.155106
0.082195 0.065926 0.017751 0.063267 0.008309 0.762552
0.028129 0.036023 0.023642 0.199558 0.011339 0.701309
0.063224 0.333516 0.059340 0.046001 0.016119 0.481799
0.029310 0.091790 0.042417 0.092992 0.015942 0.727550
0.034029 0.154692 0.053608 0.038382 0.029099 0.690190
0.208965 0.638020 0.034233 0.007748 0.005350 0.105684
0.058054 0.688855 0.037439 0.011769 0.005698 0.198185
0.058054 0.688855 0.037439 0.011769 0.005698 0.198185
0.056557 0.820647 0.036618 0.007535 0.002224 0.076419
0.056557 0.820647 0.036618 0.007535 0.002224 0.076419
0.057931 0.131014 0.118369 0.089271 0.007775 0.595640
0.057931 0.131014 0.118369 0.089271 0.007775 0.595640
0.069135 0.257007 0.058427 0.069661 0.010831 0.534938
0.069135 0.257007 0.058427 0.069661 0.010831 0.534938
0.040624 0.143614 0.135643 0.060149 0.026353 0.593616
0.095689 0.693699 0.084830 0.007336 0.003125 0.115322
0.095689 0.693699 0.084830 0.007336 0.003125 0.115322
0.108940 0.438286 0.034926 0.026642 0.021462 0.369745
0.025282 0.060266 0.016954 0.105975 0.009571 0.781951
0.025282 0.060266 0.016954 0.105975 0.009571 0.781951
0.029609 0.051375 0.021191 0.167289 0.005324 0.725213
0.441939 0.390641 0.014737 0.005738 0.001928 0.145017
0.059818 0.154324 0.039873 0.044941 0.007720 0.693323
0.059818 0.154324 0.039873 0.044941 0.007720 0.693323
0.067582 0.248507 0.042092 0.032275 0.012830 0.596713
0.221244 0.672239 0.026571 0.004772 0.002939 0.072236
0.046571 0.093799 0.012353 0.075685 0.027586 0.744007
0.088965 0.137514 0.021086 0.085581 0.019323 0.647531
0.043763 0.055230 0.010970 0.093997 0.023629 0.772412
0.017808 0.010683 0.011559 0.346749 0.080862 0.532339
0.071394 0.073759 0.021240 0.097146 0.013786 0.722675
0.071394 0.073759 0.021240 0.097146 0.013786 0.722675
0.084584 0.160416 0.010018 0.046296 0.014263 0.684422
0.084584 0.160416 0.010018 0.046296 0.014263 0.684422
0.133184 0.167437 0.013089 0.034144 0.062378 0.589769
0.042413 0.155504 0.025164 0.092271 0.041398 0.643250
0.050683 0.290505 0.045570 0.020468 0.015619 0.577155
0.010491 0.023785 0.912875 0.008161 0.002549 0.042139
0.028853 0.109196 0.054063 0.046523 0.112188 0.649176
0.002311 0.013166 0.966193 0.004603 0.001627 0.012101
0.021145 0.075710 0.050368 0.067656 0.033091 0.752030
0.002644 0.014464 0.954207 0.004864 0.001161 0.022659
0.028494 0.886631 0.020686 0.003728 0.003398 0.057064
0.028494 0.886631 0.020686 0.003728 0.003398 0.057064
0.019004 0.012440 0.004959 0.051961 0.005699 0.905937
0.019004 0.012440 0.004959 0.051961 0.005699 0.905937
0.092216 0.132631 0.013915 0.044038 0.032437 0.684763
0.080397 0.106965 0.080043 0.081962 0.029644 0.620989
0.044725 0.156250 0.031821 0.055031 0.037344 0.674828
0.044725 0.156250 0.031821 0.055031 0.037344 0.674828
0.072396 0.104408 0.014431 0.048027 0.026206 0.734532
0.057848 0.789198 0.018794 0.008459 0.014807 0.110894
0.342069 0.415379 0.010009 0.017129 0.005329 0.210085
0.342069 0.415379 0.010009 0.017129 0.005329 0.210085
0.102671 0.113358 0.015074 0.029105 0.016851 0.722942
0.106276 0.118537 0.026949 0.095669 0.014810 0.637760
0.073503 0.071025 0.017280 0.075700 0.022790 0.739701
0.073503 0.071025 0.017280 0.075700 0.022790 0.739701
0.063269 0.051776 0.045611 0.129233 0.005633 0.704478
0.128075 0.354525 0.135958 0.023216 0.022033 0.336192
0.041982 0.059822 0.011456 0.064881 0.005627 0.816232
0.658155 0.269715 0.015093 0.003533 0.001344 0.052160
0.080930 0.073040 0.044835 0.052079 0.008061 0.741055
0.080930 0.073040 0.044835 0.052079 0.008061 0.741055
0.671465 0.185097 0.011872 0.014697 0.002247 0.114622
0.040475 0.115353 0.016597 0.140455 0.030047 0.657073
0.040475 0.115353 0.016597 0.140455 0.030047 0.657073
0.040958 0.863172 0.026571 0.005915 0.005440 0.057944
0.040958 0.863172 0.026571 0.005915 0.005440 0.057944
0.075812 0.610379 0.077284 0.026190 0.014156 0.196179
0.076880 0.096451 0.162107 0.114968 0.061904 0.487690
0.043140 0.086070 0.034756 0.053128 0.544981 0.237924
0.043140 0.086070 0.034756 0.053128 0.544981 0.237924
0.067756 0.067784 0.078918 0.061891 0.128833 0.594819
0.067756 0.067784 0.078918 0.061891 0.128833 0.594819
0.057258 0.802330 0.053540 0.006419 0.006302 0.074152
0.032349 0.051182 0.024362 0.060965 0.014363 0.816779
0.049807 0.491369 0.125601 0.026179 0.022816 0.284228
0.086760 0.771834 0.087635 0.003392 0.008081 0.042298
0.086760 0.771834 0.087635 0.003392 0.008081 0.042298
0.046892 0.124583 0.474517 0.056935 0.017743 0.279330
0.046892 0.124583 0.474517 0.056935 0.017743 0.279330
0.031451 0.258525 0.300450 0.044470 0.032696 0.332409
0.031451 0.258525 0.300450 0.044470 0.032696 0.332409
0.042051 0.090323 0.165744 0.143022 0.013148 0.545712
0.042051 0.090323 0.165744 0.143022 0.013148 0.545712
0.089658 0.229292 0.092072 0.036160 0.119439 0.433379
0.031348 0.088786 0.190205 0.122263 0.162489 0.404910
0.139776 0.284447 0.058653 0.028302 0.142801 0.346021
0.017563 0.004634 0.007499 0.630993 0.009639 0.329671
0.036097 0.262574 0.204196 0.042796 0.128012 0.326325
0.009897 0.084466 0.822740 0.010711 0.004735 0.067451
0.045072 0.071948 0.039318 0.051112 0.111037 0.681513
0.045072 0.071948 0.039318 0.051112 0.111037 0.681513
0.386925 0.393988 0.037800 0.010142 0.008846 0.162299
0.386925 0.393988 0.037800 0.010142 0.008846 0.162299
0.087009 0.252311 0.047888 0.023252 0.016199 0.573341
0.164265 0.066821 0.009335 0.171217 0.021583 0.566779
0.084488 0.213050 0.037800 0.029967 0.026295 0.608401
0.201513 0.163441 0.054377 0.083804 0.016217 0.480648
0.021331 0.014048 0.016104 0.072937 0.009051 0.866528
0.021331 0.014048 0.016104 0.072937 0.009051 0.866528
0.032235 0.024360 0.011186 0.036565 0.010147 0.885507
0.310973 0.031346 0.008243 0.121985 0.010525 0.516927
0.115451 0.087433 0.043919 0.079000 0.058623 0.615573
0.115451 0.087433 0.043919 0.079000 0.058623 0.615573
0.061265 0.207627 0.252138 0.065493 0.081495 0.331981
0.161978 0.070135 0.032830 0.213436 0.154283 0.367338
0.083430 0.078683 0.024871 0.064122 0.028567 0.720327
0.371043 0.153585 0.017021 0.119355 0.009502 0.329495
0.042217 0.839809 0.062569 0.002483 0.009800 0.043121
0.479787 0.433799 0.013143 0.005167 0.001424 0.066680
0.261582 0.435799 0.095223 0.008730 0.013128 0.185538
0.627462 0.261506 0.019635 0.010242 0.003538 0.077617
0.061132 0.185043 0.140807 0.070479 0.040492 0.502046
0.061132 0.185043 0.140807 0.070479 0.040492 0.502046
0.511269 0.174208 0.009973 0.027435 0.006427 0.270689
0.176557 0.139392 0.014463 0.064965 0.222892 0.381732
0.070276 0.094794 0.058626 0.053031 0.024909 0.698363
0.070276 0.094794 0.058626 0.053031 0.024909 0.698363
0.737016 0.068688 0.006068 0.026362 0.002775 0.159090
0.113497 0.189835 0.094103 0.064619 0.053858 0.484088
0.134516 0.012324 0.006578 0.479649 0.020356 0.346577
0.113827 0.125720 0.034682 0.105507 0.011538 0.608725
0.280573 0.303566 0.022941 0.041723 0.049067 0.302130
0.042909 0.264956 0.107493 0.026870 0.109480 0.448292
0.080592 0.049877 0.418764 0.153243 0.013862 0.283662
0.473843 0.035101 0.003552 0.092538 0.024598 0.370369
0.069215 0.159532 0.038045 0.035777 0.045086 0.652346
0.859433 0.098466 0.003673 0.004822 0.001273 0.032332
0.210680 0.380686 0.034495 0.027178 0.041888 0.305073
0.743629 0.171149 0.007689 0.010663 0.002404 0.064466
0.060277 0.110840 0.044846 0.060672 0.030853 0.692513
0.502869 0.053512 0.006140 0.059426 0.004928 0.373125
0.047598 0.153224 0.047579 0.042533 0.050176 0.658889
0.424051 0.326002 0.011611 0.042919 0.006433 0.188984
0.085310 0.136162 0.049647 0.033484 0.038399 0.656998
0.781379 0.095558 0.010931 0.013307 0.029511 0.069314
0.145946 0.247047 0.107922 0.027355 0.034328 0.437401
0.605267 0.279648 0.007838 0.017453 0.003551 0.086243
0.194691 0.623258 0.037397 0.010259 0.002617 0.131778
0.194691 0.623258 0.037397 0.010259 0.002617 0.131778
0.046953 0.054094 0.054698 0.047269 0.013054 0.783931
0.046953 0.054094 0.054698 0.047269 0.013054 0.783931
0.037969 0.092637 0.095353 0.104692 0.012333 0.657016
0.037969 0.092637 0.095353 0.104692 0.012333 0.657016
0.096234 0.077300 0.145707 0.069424 0.017782 0.593553
0.055679 0.012032 0.004313 0.117945 0.007928 0.802103
0.157070 0.048829 0.006506 0.115321 0.033705 0.638569
0.091047 0.294016 0.062656 0.070271 0.086723 0.395286
0.558969 0.074406 0.008180 0.018507 0.002663 0.337276
0.056813 0.107361 0.124650 0.096177 0.160977 0.454022
0.056813 0.107361 0.124650 0.096177 0.160977 0.454022
0.088912 0.184605 0.079626 0.099312 0.165928 0.381617
0.088912 0.184605 0.079626 0.099312 0.165928 0.381617
0.036422 0.073121 0.131128 0.094534 0.299278 0.365517
0.062514 0.104954 0.050435 0.101525 0.048701 0.631871
0.062514 0.104954 0.050435 0.101525 0.048701 0.631871
0.123972 0.241735 0.059042 0.050748 0.040234 0.484269
0.565439 0.344683 0.008154 0.004502 0.005296 0.071926
0.040788 0.072753 0.055769 0.118636 0.028495 0.683559
0.040788 0.072753 0.055769 0.118636 0.028495 0.683559
0.084613 0.143197 0.047781 0.103016 0.064830 0.556562
0.425508 0.450719 0.010054 0.010997 0.003604 0.099119
0.333590 0.064806 0.018131 0.123255 0.014207 0.446011
0.080071 0.371668 0.157933 0.037149 0.033620 0.319559
0.488596 0.186320 0.017716 0.042316 0.017485 0.247567
0.043673 0.094970 0.162774 0.147976 0.022261 0.528346
0.202936 0.096600 0.024545 0.085958 0.116294 0.473667
0.052014 0.429023 0.123924 0.033215 0.030540 0.331284
0.104484 0.153962 0.018654 0.032305 0.008841 0.681755
0.585446 0.313359 0.018451 0.005797 0.002763 0.074184
0.092540 0.241487 0.144781 0.052797 0.013835 0.454561
0.368553 0.539342 0.020977 0.005426 0.005977 0.059725
0.050275 0.236470 0.164780 0.046489 0.024137 0.477849
0.137691 0.327547 0.053226 0.066794 0.019266 0.395476
0.064378 0.205703 0.060041 0.079335 0.012316 0.578228
0.400794 0.563330 0.005863 0.002267 0.002454 0.025291
0.033955 0.073825 0.041261 0.129985 0.017312 0.703662
0.552301 0.141619 0.009261 0.030963 0.011263 0.254592
0.389109 0.315898 0.032741 0.022147 0.007039 0.233066
0.389109 0.315898 0.032741 0.022147 0.007039 0.233066
0.034667 0.374123 0.210046 0.039162 0.041715 0.300288
0.094003 0.230557 0.046662 0.074489 0.015057 0.539233
0.039178 0.420223 0.099882 0.033184 0.027638 0.379895
0.066533 0.668203 0.025689 0.014441 0.021746 0.203387
0.041685 0.339241 0.122577 0.033519 0.035785 0.427193
0.208930 0.157997 0.018715 0.084806 0.007082 0.522469
0.062042 0.703363 0.117581 0.006325 0.014944 0.095744
0.062042 0.703363 0.117581 0.006325 0.014944 0.095744
0.055209 0.232129 0.144064 0.045689 0.008047 0.514862
0.232523 0.257890 0.032075 0.018768 0.010406 0.448338
0.054317 0.151893 0.200321 0.046381 0.017881 0.529206
0.328282 0.124089 0.012879 0.039663 0.013166 0.481921
0.192624 0.589079 0.062867 0.013756 0.011241 0.130434
0.192624 0.589079 0.062867 0.013756 0.011241 0.130434
0.051674 0.093275 0.288532 0.085276 0.035494 0.445748
0.389990 0.363777 0.008749 0.014540 0.015272 0.207672
0.047038 0.096256 0.189910 0.095214 0.026048 0.545534
0.562042 0.139096 0.013476 0.032268 0.009076 0.244043
0.346363 0.458869 0.015111 0.013799 0.006827 0.159032
0.069742 0.233688 0.164534 0.046700 0.048139 0.437197
0.395823 0.396418 0.011313 0.010223 0.003948 0.182275
0.140159 0.694637 0.039254 0.005583 0.002281 0.118087
0.140159 0.694637 0.039254 0.005583 0.002281 0.118087
0.257503 0.030866 0.010041 0.126976 0.007695 0.566920
0.196089 0.617629 0.105436 0.006338 0.005189 0.069320
0.196089 0.617629 0.105436 0.006338 0.005189 0.069320
0.051315 0.146147 0.042910 0.042500 0.027574 0.689553
0.654993 0.086952 0.008513 0.033316 0.013938 0.202288
0.027140 0.177220 0.097493 0.060814 0.048462 0.588871
0.137013 0.199225 0.338420 0.026260 0.007098 0.291985
0.023989 0.096983 0.200052 0.062860 0.048957 0.567158
0.023989 0.096983 0.200052 0.062860 0.048957 0.567158
0.057188 0.203977 0.051512 0.062066 0.019311 0.605946
0.191579 0.739207 0.010861 0.004180 0.007858 0.046314
0.698827 0.041709 0.006306 0.025427 0.004965 0.222766
0.072380 0.229818 0.089953 0.030275 0.011223 0.566352
0.510350 0.371454 0.007603 0.012120 0.002050 0.096424
0.108867 0.696538 0.068471 0.007008 0.007859 0.111256
0.774134 0.139085 0.010118 0.005807 0.001775 0.069081
0.096430 0.095328 0.122827 0.060184 0.007038 0.618193
0.490601 0.155829 0.021638 0.042549 0.003261 0.286122
0.104033 0.801820 0.037760 0.003979 0.001796 0.050612
0.278497 0.254969 0.024040 0.056657 0.005461 0.380377
0.123130 0.290616 0.093258 0.034069 0.010042 0.448886
0.505161 0.106278 0.014288 0.031881 0.003322 0.339070
0.044072 0.472774 0.198432 0.023271 0.025127 0.236325
0.044072 0.472774 0.198432 0.023271 0.025127 0.236325
0.076466 0.163402 0.066015 0.091075 0.183323 0.419720
0.017665 0.012015 0.006332 0.083145 0.028813 0.852031
0.081773 0.114259 0.059408 0.083596 0.397526 0.263438
0.095380 0.301645 0.060703 0.042748 0.206204 0.293320
0.133262 0.387863 0.068242 0.023916 0.271558 0.115159
0.059550 0.094291 0.086177 0.084731 0.432896 0.242353
0.129183 0.282110 0.170920 0.038752 0.161242 0.217793
0.090733 0.100161 0.181994 0.061964 0.334709 0.230439
0.090733 0.100161 0.181994 0.061964 0.334709 0.230439
0.067820 0.122394 0.090808 0.051823 0.494283 0.172871
0.067820 0.122394 0.090808 0.051823 0.494283 0.172871
0.065992 0.232176 0.093284 0.060061 0.077490 0.470997
0.065992 0.232176 0.093284 0.060061 0.077490 0.470997
0.055945 0.276406 0.131484 0.091081 0.112374 0.332710
0.205352 0.559632 0.152224 0.010118 0.015140 0.057534
0.076962 0.279463 0.220633 0.061460 0.092732 0.268750
0.021103 0.016538 0.030007 0.352703 0.069938 0.509710
0.032898 0.050497 0.103968 0.163588 0.149226 0.499823
0.032898 0.050497 0.103968 0.163588 0.149226 0.499823
0.050566 0.261803 0.115889 0.072464 0.261517 0.237761
0.068748 0.120052 0.010499 0.114990 0.082027 0.603683
0.070755 0.125017 0.084471 0.108897 0.117177 0.493682
0.246291 0.432153 0.016542 0.011148 0.015526 0.278340
0.053871 0.123266 0.168695 0.069903 0.334799 0.249466
0.041654 0.123308 0.148069 0.118141 0.104236 0.464592
0.116615 0.597964 0.124196 0.013810 0.050727 0.096687
0.116615 0.597964 0.124196 0.013810 0.050727 0.096687
0.109382 0.089570 0.148775 0.137959 0.161448 0.352865
0.117962 0.220792 0.027430 0.050637 0.021894 0.561285
0.111144 0.208193 0.149508 0.045157 0.139420 0.346578
0.111144 0.208193 0.149508 0.045157 0.139420 0.346578
0.044419 0.153913 0.159009 0.050611 0.232988 0.359060
0.044419 0.153913 0.159009 0.050611 0.232988 0.359060
0.052532 0.735235 0.088323 0.005802 0.050966 0.067143
0.052532 0.735235 0.088323 0.005802 0.050966 0.067143
0.042567 0.179970 0.344075 0.045121 0.037103 0.351164
0.076685 0.282001 0.065747 0.050423 0.061903 0.463241
0.091666 0.206484 0.216722 0.066422 0.066421 0.352285
0.148311 0.156922 0.020081 0.056494 0.019252 0.598940
0.062517 0.321461 0.208394 0.041996 0.051021 0.314611
0.062517 0.321461 0.208394 0.041996 0.051021 0.314611
0.034025 0.106703 0.231606 0.105038 0.134761 0.387867
0.031135 0.099656 0.229264 0.106676 0.183639 0.349629
0.039668 0.158803 0.389094 0.100685 0.066095 0.245655
0.039668 0.158803 0.389094 0.100685 0.066095 0.245655
0.072205 0.183298 0.177803 0.082253 0.062282 0.422159
0.071682 0.089261 0.022334 0.092060 0.104017 0.620645
0.107600 0.564223 0.195329 0.008961 0.045562 0.078325
0.107600 0.564223 0.195329 0.008961 0.045562 0.078325
0.045212 0.210904 0.097111 0.060762 0.323532 0.262478
0.045212 0.210904 0.097111 0.060762 0.323532 0.262478
0.116351 0.111205 0.124533 0.087603 0.215069 0.345240
0.013849 0.002996 0.002772 0.592647 0.048743 0.338993
0.107319 0.246634 0.053081 0.032979 0.372252 0.187735
0.007214 0.002708 0.004757 0.611275 0.133610 0.240436
0.123205 0.188642 0.141427 0.070563 0.081149 0.395013
0.021217 0.033469 0.014620 0.094047 0.030599 0.806048
0.047876 0.199852 0.226330 0.088583 0.107396 0.329965
0.047876 0.199852 0.226330 0.088583 0.107396 0.329965
0.048483 0.739167 0.104807 0.005744 0.032678 0.069120
0.022724 0.047874 0.680984 0.036224 0.012135 0.200058
0.086012 0.139041 0.042363 0.058350 0.167392 0.506843
0.063484 0.031499 0.011329 0.169573 0.085296 0.638818
0.062340 0.150227 0.056450 0.122320 0.149209 0.459455
0.062340 0.150227 0.056450 0.122320 0.149209 0.459455
0.075218 0.096308 0.056030 0.075305 0.354160 0.342979
0.075218 0.096308 0.056030 0.075305 0.354160 0.342979
0.033562 0.112767 0.132120 0.088915 0.163390 0.469246
0.127499 0.084500 0.035666 0.134065 0.041218 0.577051
0.075147 0.106253 0.056991 0.093136 0.134504 0.533969
0.025188 0.017320 0.009573 0.191137 0.012072 0.744711
0.092990 0.584663 0.091641 0.018196 0.042276 0.170234
0.063428 0.028474 0.012243 0.124720 0.017152 0.753984
0.173332 0.510074 0.065672 0.013548 0.021751 0.215624
0.173332 0.510074 0.065672 0.013548 0.021751 0.215624
0.097020 0.076250 0.197453 0.093294 0.099720 0.436263
0.058861 0.055117 0.039567 0.200037 0.083459 0.562959
0.098007 0.126679 0.050259 0.150538 0.073817 0.500700
0.040048 0.048551 0.008419 0.113069 0.102539 0.687374
0.030155 0.224604 0.085116 0.041077 0.422044 0.197004
0.239522 0.484639 0.072952 0.020161 0.036329 0.146397
0.026990 0.214128 0.142414 0.036883 0.364023 0.215562
0.026990 0.214128 0.142414 0.036883 0.364023 0.215562
0.034768 0.020325 0.015816 0.087923 0.012338 0.828830
0.079043 0.177987 0.189332 0.081894 0.208769 0.262975
0.083908 0.067423 0.066392 0.070411 0.029872 0.681994
0.066176 0.163054 0.257767 0.066951 0.008729 0.437322
0.074692 0.253697 0.052923 0.035866 0.035731 0.547091
0.165302 0.239757 0.198913 0.081861 0.014128 0.300039
0.094151 0.381530 0.087495 0.036307 0.077729 0.322788
0.094151 0.381530 0.087495 0.036307 0.077729 0.322788
0.080269 0.172804 0.046466 0.100607 0.152804 0.447051
0.080269 0.172804 0.046466 0.100607 0.152804 0.447051
0.128798 0.130668 0.017479 0.058018 0.012319 0.652719
0.128798 0.130668 0.017479 0.058018 0.012319 0.652719
0.195572 0.173805 0.035306 0.027711 0.084143 0.483462
0.269441 0.541835 0.121321 0.008236 0.003609 0.055560
0.152745 0.128335 0.080802 0.053580 0.042212 0.542326
0.152745 0.128335 0.080802 0.053580 0.042212 0.542326
0.072935 0.612612 0.095348 0.017047 0.010447 0.191611
0.056102 0.163096 0.054507 0.082297 0.016310 0.627689
0.120306 0.170942 0.077686 0.047093 0.036768 0.547206
0.120306 0.170942 0.077686 0.047093 0.036768 0.547206
0.046500 0.038059 0.029658 0.039206 0.013313 0.833264
0.103374 0.076340 0.090912 0.063751 0.013312 0.652310
0.084055 0.071756 0.067310 0.083359 0.014169 0.679350
0.038007 0.782447 0.077287 0.010722 0.004005 0.087531
0.069559 0.421390 0.063867 0.023059 0.030029 0.392096
0.069559 0.421390 0.063867 0.023059 0.030029 0.392096
0.070332 0.316327 0.116126 0.018333 0.017317 0.461565
0.036783 0.222164 0.180453 0.044465 0.025587 0.490547
0.071801 0.397931 0.113874 0.018516 0.017442 0.380436
0.052210 0.305813 0.313916 0.021344 0.058042 0.248675
0.043638 0.179340 0.072856 0.065833 0.039604 0.598730
0.061732 0.355700 0.076371 0.029035 0.038820 0.438342
0.061038 0.171758 0.107246 0.035878 0.064655 0.559425
0.043364 0.630406 0.106895 0.012650 0.015004 0.191681
0.035684 0.119980 0.037152 0.046663 0.018109 0.742411
0.060388 0.854353 0.036729 0.002958 0.002303 0.043269
0.089522 0.546713 0.132025 0.023339 0.012350 0.196051
0.081388 0.804108 0.045933 0.004068 0.003247 0.061256
0.048481 0.914119 0.024052 0.000800 0.001661 0.010887
0.061003 0.485170 0.074143 0.029347 0.024825 0.325513
0.033108 0.503586 0.131218 0.014721 0.064877 0.252490
0.087469 0.363813 0.022018 0.029966 0.035414 0.461320
0.067278 0.769873 0.066178 0.005667 0.009410 0.081594
0.112906 0.274977 0.108570 0.036165 0.036235 0.431146
0.265346 0.688939 0.018619 0.001933 0.001406 0.023758
0.089176 0.135257 0.071761 0.055597 0.082915 0.565293
0.344316 0.033003 0.027252 0.137756 0.007760 0.449914
0.111427 0.307252 0.016140 0.025236 0.015670 0.524275
0.034728 0.016602 0.029784 0.281161 0.080210 0.557515
0.155754 0.481698 0.027497 0.026770 0.058939 0.249342
0.058977 0.019948 0.044461 0.504471 0.052990 0.319153
0.144037 0.376904 0.046766 0.021070 0.026473 0.384751
0.087076 0.504663 0.126535 0.017785 0.061775 0.202166
0.044916 0.039461 0.041296 0.070673 0.038650 0.765005
0.035433 0.277110 0.317046 0.038729 0.035522 0.296159
0.058467 0.233450 0.101870 0.034027 0.024404 0.547782
0.022248 0.338794 0.621166 0.001393 0.001095 0.015304
0.057611 0.823508 0.035796 0.003196 0.005217 0.074673
0.057611 0.823508 0.035796 0.003196 0.005217 0.074673
0.006913 0.152567 0.828912 0.000997 0.001519 0.009091
0.009120 0.019737 0.870459 0.020473 0.002251 0.077961
0.066178 0.477258 0.094589 0.016645 0.042091 0.303238
0.013622 0.094830 0.857238 0.003231 0.003670 0.027408
0.105883 0.235267 0.036072 0.021977 0.033037 0.567765
0.105883 0.235267 0.036072 0.021977 0.033037 0.567765
0.048963 0.061064 0.023655 0.056538 0.009322 0.800458
0.696153 0.260280 0.011335 0.002194 0.002450 0.027588
0.239424 0.643644 0.032701 0.005710 0.007918 0.070602
0.033565 0.032885 0.041429 0.190330 0.030560 0.671231
0.033565 0.032885 0.041429 0.190330 0.030560 0.671231
0.040108 0.775219 0.076861 0.005585 0.025447 0.076781
0.079837 0.060804 0.045260 0.068508 0.014273 0.731317
0.079837 0.060804 0.045260 0.068508 0.014273 0.731317
0.083142 0.075348 0.039599 0.093408 0.036874 0.671630
0.083142 0.075348 0.039599 0.093408 0.036874 0.671630
0.021861 0.011673 0.014026 0.225323 0.020866 0.706250
0.045831 0.098664 0.058598 0.064975 0.023131 0.708801
0.045831 0.098664 0.058598 0.064975 0.023131 0.708801
0.033440 0.177133 0.141522 0.047149 0.058848 0.541909
0.033440 0.177133 0.141522 0.047149 0.058848 0.541909
0.066750 0.183470 0.088636 0.087331 0.314161 0.259652
0.066750 0.183470 0.088636 0.087331 0.314161 0.259652
0.123437 0.732386 0.050860 0.005770 0.011926 0.075621
0.123437 0.732386 0.050860 0.005770 0.011926 0.075621
0.057451 0.254824 0.109829 0.070443 0.034668 0.472784
0.054302 0.031372 0.042467 0.160396 0.535435 0.176029
0.064926 0.263200 0.077976 0.065160 0.029224 0.499514
0.100231 0.076738 0.037619 0.096309 0.383028 0.306075
0.245132 0.567614 0.061555 0.009339 0.012336 0.104024
0.245132 0.567614 0.061555 0.009339 0.012336 0.104024
0.239982 0.699628 0.021470 0.003149 0.001211 0.034560
0.729425 0.201374 0.008771 0.004309 0.001111 0.055010
0.039469 0.498635 0.191904 0.025288 0.023828 0.220875
0.039469 0.498635 0.191904 0.025288 0.023828 0.220875
0.065647 0.565788 0.049741 0.015701 0.073374 0.229749
0.101056 0.243763 0.109977 0.025591 0.024657 0.494958
0.069601 0.169257 0.106686 0.062673 0.400071 0.191712
0.029612 0.483606 0.159569 0.023757 0.029450 0.274007
0.021966 0.227962 0.721384 0.002906 0.002627 0.023154
0.036772 0.063129 0.030780 0.072220 0.014672 0.782427
0.050446 0.009638 0.005456 0.075195 0.003683 0.855581
0.128622 0.221031 0.043953 0.044916 0.036014 0.525464
0.260198 0.108039 0.010990 0.099050 0.077339 0.444385
0.044047 0.104221 0.033559 0.076369 0.066508 0.675297
0.331574 0.249824 0.012992 0.030515 0.090867 0.284228
0.077408 0.317560 0.029028 0.039459 0.072930 0.463615
0.211200 0.199164 0.013105 0.043328 0.022958 0.510244
0.535748 0.273741 0.030537 0.007049 0.005079 0.147846
0.226989 0.137067 0.083704 0.083849 0.201336 0.267056
0.033521 0.067934 0.051562 0.056068 0.044040 0.746875
0.182704 0.237612 0.018413 0.050463 0.022268 0.488539
0.085570 0.142685 0.119003 0.080179 0.016099 0.556465
0.487109 0.171860 0.016128 0.017733 0.005493 0.301677
0.060281 0.163501 0.023582 0.034900 0.009397 0.708340
0.120448 0.689573 0.027330 0.014141 0.004545 0.143963
0.056025 0.306343 0.050267 0.031287 0.037581 0.518497
0.056025 0.306343 0.050267 0.031287 0.037581 0.518497
0.065190 0.698520 0.038467 0.025652 0.018600 0.153572
0.032157 0.944600 0.007041 0.001077 0.002194 0.012931
0.071645 0.671227 0.033042 0.013885 0.007915 0.202285
0.084267 0.331228 0.072900 0.021420 0.007687 0.482497
0.151411 0.433224 0.087655 0.022428 0.091787 0.213495
0.135325 0.146981 0.146553 0.054487 0.187104 0.329550
0.078094 0.194982 0.140630 0.076326 0.136463 0.373506
0.078094 0.194982 0.140630 0.076326 0.136463 0.373506
0.101397 0.263024 0.047200 0.045677 0.184133 0.358568
0.101397 0.263024 0.047200 0.045677 0.184133 0.358568
0.073534 0.708303 0.115398 0.004838 0.005436 0.092490
0.073534 0.708303 0.115398 0.004838 0.005436 0.092490
0.059524 0.301146 0.133726 0.042607 0.023337 0.439660
0.047050 0.415754 0.147736 0.044037 0.050258 0.295165
0.053171 0.498341 0.048691 0.029004 0.010896 0.359898
0.053171 0.498341 0.048691 0.029004 0.010896 0.359898
0.034937 0.150311 0.146091 0.135078 0.018571 0.515011
0.034937 0.150311 0.146091 0.135078 0.018571 0.515011
0.075843 0.173140 0.038385 0.020417 0.015503 0.676711
0.028521 0.026210 0.018328 0.049898 0.010280 0.866764
0.088442 0.356836 0.027066 0.025847 0.058510 0.443299
0.083911 0.323077 0.024815 0.062758 0.030279 0.475161
0.054389 0.326282 0.103416 0.045355 0.042250 0.428308
0.054389 0.326282 0.103416 0.045355 0.042250 0.428308
0.234293 0.703117 0.034387 0.001804 0.001365 0.025033
0.234293 0.703117 0.034387 0.001804 0.001365 0.025033
0.302974 0.596086 0.016926 0.006119 0.005343 0.072552
0.302974 0.596086 0.016926 0.006119 0.005343 0.072552
0.111253 0.515085 0.045174 0.021274 0.004774 0.302439
0.111253 0.515085 0.045174 0.021274 0.004774 0.302439
0.073695 0.653758 0.055565 0.014359 0.005595 0.197026
0.094828 0.160082 0.116023 0.046712 0.004691 0.577662
0.083276 0.614035 0.079574 0.015117 0.006470 0.201528
0.179641 0.134500 0.078611 0.060607 0.012724 0.533918
0.031945 0.235217 0.124272 0.061872 0.043934 0.502760
0.039169 0.601402 0.095658 0.010019 0.026386 0.227366
0.039169 0.601402 0.095658 0.010019 0.026386 0.227366
0.069501 0.708370 0.076295 0.007508 0.019771 0.118556
0.069501 0.708370 0.076295 0.007508 0.019771 0.118556
0.038479 0.735881 0.104276 0.007434 0.004770 0.109160
0.038479 0.735881 0.104276 0.007434 0.004770 0.109160
0.054135 0.872514 0.037639 0.001923 0.002504 0.031285
0.054135 0.872514 0.037639 0.001923 0.002504 0.031285
0.067811 0.172109 0.094269 0.048170 0.063615 0.554026
0.036045 0.729134 0.086064 0.009614 0.020041 0.119103
0.243904 0.658916 0.020318 0.006712 0.002870 0.067280
0.243904 0.658916 0.020318 0.006712 0.002870 0.067280
0.052640 0.146309 0.092296 0.162367 0.019045 0.527343
0.200027 0.748726 0.013794 0.002327 0.001837 0.033289
0.041734 0.262256 0.114907 0.053715 0.009652 0.517735
0.041734 0.262256 0.114907 0.053715 0.009652 0.517735
0.094097 0.459245 0.040157 0.019120 0.052507 0.334875
0.094097 0.459245 0.040157 0.019120 0.052507 0.334875
0.072899 0.436350 0.025857 0.053284 0.067490 0.344119
0.138334 0.127532 0.039534 0.173518 0.049875 0.471209
0.211607 0.735581 0.011634 0.002649 0.003029 0.035500
0.211607 0.735581 0.011634 0.002649 0.003029 0.035500
0.137167 0.505961 0.038388 0.020515 0.025978 0.271992
0.083661 0.335576 0.101600 0.050001 0.044558 0.384604
0.096722 0.703129 0.069589 0.008758 0.014395 0.107406
0.096722 0.703129 0.069589 0.008758 0.014395 0.107406
0.028847 0.521975 0.176060 0.022938 0.041509 0.208671
0.028847 0.521975 0.176060 0.022938 0.041509 0.208671
0.028158 0.133821 0.065783 0.046467 0.043174 0.682598
0.005329 0.024110 0.929287 0.007188 0.002984 0.031102
0.018625 0.843757 0.046282 0.005113 0.007657 0.078567
0.018625 0.843757 0.046282 0.005113 0.007657 0.078567
0.025062 0.131223 0.740954 0.013758 0.004709 0.084294
0.096863 0.236074 0.066513 0.025987 0.034275 0.540287
0.096863 0.236074 0.066513 0.025987 0.034275 0.540287
0.079463 0.130517 0.046568 0.038494 0.045591 0.659366
0.064300 0.094164 0.059484 0.047180 0.014656 0.720216
0.105332 0.727706 0.044475 0.006406 0.005564 0.110517
0.135116 0.617003 0.043862 0.021575 0.028203 0.154242
0.028688 0.065201 0.033897 0.039998 0.013311 0.818905
0.028688 0.065201 0.033897 0.039998 0.013311 0.818905
0.091425 0.190343 0.071064 0.044486 0.030861 0.571821
0.091425 0.190343 0.071064 0.044486 0.030861 0.571821
0.081180 0.189019 0.034548 0.036526 0.030257 0.628471
0.150190 0.326933 0.064778 0.048659 0.076547 0.332893
0.059751 0.288694 0.069054 0.042689 0.024837 0.514975
0.059751 0.288694 0.069054 0.042689 0.024837 0.514975
0.553130 0.316654 0.015149 0.010782 0.003787 0.100497
0.553130 0.316654 0.015149 0.010782 0.003787 0.100497
0.049866 0.584884 0.158594 0.029328 0.022221 0.155106
0.049866 0.584884 0.158594 0.029328 0.022221 0.155106
0.043762 0.279361 0.112680 0.075714 0.086066 0.402417
0.045677 0.173572 0.069630 0.131555 0.026643 0.552923
0.038548 0.875561 0.048769 0.001730 0.004971 0.030422
0.054520 0.345099 0.142059 0.056129 0.014431 0.387762
0.060410 0.179803 0.028385 0.027875 0.008599 0.694928
0.287379 0.488827 0.057143 0.017635 0.035309 0.113708
0.287379 0.488827 0.057143 0.017635 0.035309 0.113708
0.114021 0.304834 0.128428 0.040296 0.173425 0.238996
0.114021 0.304834 0.128428 0.040296 0.173425 0.238996
0.104756 0.688545 0.074812 0.010346 0.054069 0.067471
0.104756 0.688545 0.074812 0.010346 0.054069 0.067471
0.123275 0.231445 0.042037 0.051614 0.031219 0.520410
0.075285 0.248143 0.117591 0.033661 0.017999 0.507322
0.079266 0.164083 0.044539 0.039096 0.095658 0.577358
0.079266 0.164083 0.044539 0.039096 0.095658 0.577358
0.064059 0.197585 0.029823 0.065588 0.053209 0.589736
0.040885 0.145814 0.124063 0.053479 0.038689 0.597070
0.070598 0.116586 0.058570 0.119893 0.081015 0.553338
0.070598 0.116586 0.058570 0.119893 0.081015 0.553338
0.081748 0.129644 0.107248 0.048044 0.174873 0.458443
0.021603 0.185976 0.454562 0.043897 0.049219 0.244744
0.035917 0.241565 0.136367 0.065025 0.062908 0.458217
0.071803 0.136967 0.230848 0.064034 0.178725 0.317623
0.051876 0.130557 0.053640 0.050504 0.039466 0.673957
0.051876 0.130557 0.053640 0.050504 0.039466 0.673957
0.050073 0.847921 0.042489 0.003300 0.024498 0.031719
0.072978 0.532255 0.063156 0.025921 0.036451 0.269239
0.072978 0.532255 0.063156 0.025921 0.036451 0.269239
0.065220 0.775608 0.061794 0.003730 0.009714 0.083934
0.038912 0.170371 0.469579 0.033881 0.008950 0.278307
0.049563 0.427129 0.167420 0.037663 0.019254 0.298970
0.023747 0.861971 0.055771 0.003478 0.014766 0.040267
0.305051 0.571410 0.060415 0.006178 0.003759 0.053188
0.028299 0.832464 0.087860 0.003424 0.009063 0.038890
0.096935 0.184236 0.130376 0.056444 0.022234 0.509773
0.096935 0.184236 0.130376 0.056444 0.022234 0.509773
0.055895 0.702786 0.100013 0.007544 0.011640 0.122123
0.163099 0.630725 0.078972 0.009683 0.004104 0.113418
0.040446 0.259975 0.104761 0.043280 0.083152 0.468385
0.079476 0.834238 0.048028 0.004110 0.002172 0.031976
0.026175 0.870592 0.070566 0.002733 0.004213 0.025722
0.026175 0.870592 0.070566 0.002733 0.004213 0.025722
0.026345 0.275263 0.167045 0.109730 0.075332 0.346284
0.027481 0.343067 0.166032 0.045138 0.055310 0.362973
0.027481 0.343067 0.166032 0.045138 0.055310 0.362973
0.029477 0.181795 0.201431 0.058716 0.031170 0.497412
0.026710 0.244288 0.340911 0.047293 0.066892 0.273907
0.027461 0.387780 0.203435 0.049172 0.054501 0.277651
0.061082 0.154721 0.180519 0.050208 0.028031 0.525439
0.040756 0.162056 0.258929 0.067786 0.029323 0.441151
0.033477 0.524286 0.196986 0.023851 0.020674 0.200726
0.059892 0.395138 0.238242 0.049585 0.016659 0.240484
0.025327 0.770166 0.077071 0.010397 0.023603 0.093436
0.034022 0.898444 0.036232 0.001877 0.003495 0.025931
0.034022 0.898444 0.036232 0.001877 0.003495 0.025931
0.069583 0.548172 0.047883 0.027305 0.043138 0.263919
0.022687 0.022554 0.037912 0.240623 0.084766 0.591458
0.015245 0.199900 0.365170 0.064008 0.035462 0.320215
0.027059 0.221781 0.138746 0.048204 0.106300 0.457910
0.005538 0.057564 0.900755 0.003804 0.003513 0.028825
0.027033 0.052801 0.016256 0.120993 0.030146 0.752771
0.036870 0.099006 0.026335 0.043309 0.019621 0.774859
0.052025 0.239651 0.224870 0.085633 0.024536 0.373284
0.133169 0.761198 0.047357 0.003194 0.006627 0.048455
0.031924 0.239928 0.145132 0.055230 0.191097 0.336688
0.029246 0.740376 0.089723 0.007123 0.050217 0.083316
0.080480 0.276121 0.101434 0.029522 0.066284 0.446158
0.080480 0.276121 0.101434 0.029522 0.066284 0.446158
0.062411 0.668492 0.024114 0.014885 0.030955 0.199144
0.020557 0.010013 0.004568 0.289061 0.022685 0.653117
0.120207 0.501632 0.088588 0.016869 0.019480 0.253224
0.120207 0.501632 0.088588 0.016869 0.019480 0.253224
0.094247 0.265743 0.057710 0.022071 0.020124 0.540105
0.094247 0.265743 0.057710 0.022071 0.020124 0.540105
0.040890 0.786317 0.040645 0.008926 0.015709 0.107514
0.040890 0.786317 0.040645 0.008926 0.015709 0.107514
0.051367 0.214664 0.085445 0.024300 0.492763 0.131460
0.051367 0.214664 0.085445 0.024300 0.492763 0.131460
0.105612 0.577440 0.026662 0.013432 0.040031 0.236823
0.093486 0.443830 0.081158 0.022632 0.053724 0.305170
0.067662 0.884800 0.032534 0.000980 0.001610 0.012414
0.067662 0.884800 0.032534 0.000980 0.001610 0.012414
0.155976 0.659134 0.118106 0.004122 0.011788 0.050875
0.155976 0.659134 0.118106 0.004122 0.011788 0.050875
0.056000 0.722376 0.079454 0.008478 0.014913 0.118779
0.034245 0.459554 0.254726 0.024647 0.014867 0.211961
0.061419 0.299545 0.165002 0.058851 0.075010 0.340173
0.061419 0.299545 0.165002 0.058851 0.075010 0.340173
0.027453 0.861956 0.018675 0.004511 0.010289 0.077117
0.027453 0.861956 0.018675 0.004511 0.010289 0.077117
0.027595 0.060342 0.011469 0.046247 0.030647 0.823700
0.087786 0.588671 0.060510 0.011556 0.035360 0.216117
0.099742 0.453584 0.074447 0.024101 0.055896 0.292231
0.033409 0.915172 0.016900 0.001606 0.009717 0.023197
0.035819 0.516913 0.122719 0.022533 0.084614 0.217402
0.035819 0.516913 0.122719 0.022533 0.084614 0.217402
0.073545 0.350949 0.175641 0.036148 0.018218 0.345498
0.073545 0.350949 0.175641 0.036148 0.018218 0.345498
0.081014 0.508180 0.157758 0.012348 0.036504 0.204195
0.081014 0.508180 0.157758 0.012348 0.036504 0.204195
0.050660 0.853921 0.051462 0.003343 0.005662 0.034952
0.050660 0.853921 0.051462 0.003343 0.005662 0.034952
0.158014 0.797539 0.013799 0.002081 0.000937 0.027629
0.158014 0.797539 0.013799 0.002081 0.000937 0.027629
0.036565 0.201292 0.121282 0.053855 0.046276 0.540729
0.036565 0.201292 0.121282 0.053855 0.046276 0.540729
0.097455 0.320319 0.078440 0.043364 0.023698 0.436724
0.033546 0.018006 0.013659 0.298480 0.034828 0.601482
0.044337 0.900971 0.026465 0.002045 0.002912 0.023270
0.044337 0.900971 0.026465 0.002045 0.002912 0.023270
0.056081 0.670130 0.065123 0.012141 0.010128 0.186399
0.056081 0.670130 0.065123 0.012141 0.010128 0.186399
0.221229 0.731576 0.015974 0.001604 0.000899 0.028718
0.071005 0.232671 0.057719 0.039484 0.022305 0.576816
0.071005 0.232671 0.057719 0.039484 0.022305 0.576816
0.023177 0.919811 0.028009 0.001319 0.003702 0.023982
0.025999 0.523695 0.192633 0.021130 0.053969 0.182573
0.025999 0.523695 0.192633 0.021130 0.053969 0.182573
0.036643 0.655590 0.126496 0.009528 0.039864 0.131878
0.036643 0.655590 0.126496 0.009528 0.039864 0.131878
0.020811 0.760857 0.095545 0.010617 0.016632 0.095538
0.020811 0.760857 0.095545 0.010617 0.016632 0.095538
0.042625 0.779492 0.109877 0.003118 0.007889 0.056999
0.042625 0.779492 0.109877 0.003118 0.007889 0.056999
0.036279 0.234602 0.172953 0.031615 0.024268 0.500284
0.036279 0.234602 0.172953 0.031615 0.024268 0.500284
0.019346 0.897407 0.056227 0.001732 0.004505 0.020784
0.019346 0.897407 0.056227 0.001732 0.004505 0.020784
0.031801 0.372540 0.196733 0.041244 0.032359 0.325323
0.031801 0.372540 0.196733 0.041244 0.032359 0.325323
0.049776 0.896670 0.016318 0.001708 0.003155 0.032373
0.049776 0.896670 0.016318 0.001708 0.003155 0.032373
0.042121 0.686910 0.050787 0.015080 0.024540 0.180561
0.042121 0.686910 0.050787 0.015080 0.024540 0.180561
0.035259 0.643884 0.057857 0.018852 0.058256 0.185892
0.035259 0.643884 0.057857 0.018852 0.058256 0.185892
0.039267 0.650888 0.067649 0.014938 0.039334 0.187924
0.039267 0.650888 0.067649 0.014938 0.039334 0.187924
0.018793 0.942708 0.022695 0.000867 0.002129 0.012809
0.061070 0.627413 0.111712 0.013511 0.008885 0.177410
0.061070 0.627413 0.111712 0.013511 0.008885 0.177410
0.044357 0.661999 0.113974 0.010279 0.028378 0.141014
0.044357 0.661999 0.113974 0.010279 0.028378 0.141014
0.046096 0.398164 0.178366 0.026816 0.031224 0.319334
0.046096 0.398164 0.178366 0.026816 0.031224 0.319334
0.042102 0.782061 0.061565 0.005708 0.012090 0.096474
0.042102 0.782061 0.061565 0.005708 0.012090 0.096474
0.068602 0.534041 0.096631 0.014289 0.009114 0.277324
0.068602 0.534041 0.096631 0.014289 0.009114 0.277324
0.054446 0.514581 0.167831 0.027237 0.013656 0.222249
0.057475 0.335381 0.157948 0.067263 0.020353 0.361579
0.044726 0.608116 0.164611 0.013894 0.019085 0.149569
0.044726 0.608116 0.164611 0.013894 0.019085 0.149569
0.055405 0.540593 0.156605 0.012474 0.028725 0.206198
0.036138 0.563722 0.126870 0.023100 0.026182 0.223988
0.051515 0.591976 0.080981 0.020668 0.023648 0.231212
0.055076 0.511892 0.061878 0.023420 0.026000 0.321735
0.065497 0.317509 0.166559 0.059804 0.013207 0.377423
0.043511 0.788959 0.042094 0.010190 0.020296 0.094950
0.043511 0.788959 0.042094 0.010190 0.020296 0.094950
0.055654 0.347724 0.097487 0.027965 0.108801 0.362369
0.041645 0.312163 0.069380 0.050525 0.051681 0.474605
0.233529 0.031640 0.023470 0.116014 0.033294 0.562053
0.223036 0.662884 0.038031 0.003719 0.008953 0.063377
0.223036 0.662884 0.038031 0.003719 0.008953 0.063377
0.078550 0.517716 0.048879 0.022860 0.112616 0.219379
0.022954 0.013362 0.009305 0.349352 0.239979 0.365048
0.095815 0.445348 0.070916 0.035133 0.023586 0.329201
0.063670 0.117860 0.045092 0.054051 0.096358 0.622969
0.072831 0.794183 0.028573 0.005326 0.010018 0.089070
0.016474 0.012193 0.038708 0.388583 0.068534 0.475507
0.007952 0.004685 0.017029 0.520134 0.057857 0.392343
0.309226 0.614088 0.023033 0.003275 0.004013 0.046364
0.309226 0.614088 0.023033 0.003275 0.004013 0.046364
0.054776 0.533399 0.056610 0.024610 0.100024 0.230581
0.054776 0.533399 0.056610 0.024610 0.100024 0.230581
0.080447 0.484542 0.079397 0.019311 0.104095 0.232208
0.080447 0.484542 0.079397 0.019311 0.104095 0.232208
0.086038 0.440594 0.065444 0.020065 0.168420 0.219439
0.086038 0.440594 0.065444 0.020065 0.168420 0.219439
0.037298 0.907754 0.019804 0.001599 0.005451 0.028094
0.047344 0.856943 0.019035 0.003664 0.010819 0.062196
0.085331 0.330008 0.063787 0.044438 0.015107 0.461330
0.098730 0.363373 0.119180 0.034314 0.011748 0.372654
0.202224 0.735459 0.017994 0.002264 0.002584 0.039475
