0.421134 0.283161 0.008766 0.024979 0.261648 0.000312
0.421134 0.283161 0.008766 0.024979 0.261648 0.000312
0.074525 0.124712 0.063120 0.047762 0.684924 0.004957
0.187031 0.112728 0.024492 0.023096 0.648337 0.004315
0.029523 0.134060 0.031019 0.215033 0.577996 0.012370
0.023335 0.052730 0.039087 0.059184 0.821321 0.004343
0.180163 0.048772 0.066768 0.015086 0.672040 0.017171
0.001431 0.028893 0.221421 0.131485 0.601590 0.015180
0.257064 0.177800 0.105270 0.014344 0.426649 0.018873
0.257064 0.177800 0.105270 0.014344 0.426649 0.018873
0.019775 0.014170 0.023883 0.030216 0.092818 0.819137
0.006385 0.004517 0.027033 0.078730 0.025364 0.857972
0.002520 0.018514 0.013464 0.275054 0.036986 0.653462
0.408752 0.197436 0.025483 0.136579 0.079517 0.152232
0.091459 0.136855 0.215852 0.053366 0.319616 0.182853
0.009548 0.041437 0.355342 0.145277 0.223791 0.224605
0.219495 0.679111 0.007869 0.023659 0.047104 0.022763
0.219495 0.679111 0.007869 0.023659 0.047104 0.022763
0.100996 0.214714 0.103921 0.094186 0.353785 0.132398
0.100996 0.214714 0.103921 0.094186 0.353785 0.132398
0.001623 0.011077 0.139393 0.297578 0.540776 0.009552
0.028605 0.016225 0.186938 0.115232 0.621443 0.031557
0.066561 0.029013 0.006953 0.067784 0.825512 0.004176
0.066561 0.029013 0.006953 0.067784 0.825512 0.004176
0.024743 0.014099 0.010232 0.039342 0.908978 0.002606
0.262646 0.103509 0.018155 0.022071 0.586947 0.006672
0.019697 0.059377 0.053240 0.304623 0.546290 0.016773
0.343686 0.479989 0.010246 0.026352 0.138292 0.001436
0.025313 0.009164 0.252301 0.115013 0.549826 0.048381
0.025313 0.009164 0.252301 0.115013 0.549826 0.048381
0.035647 0.028126 0.105363 0.307890 0.488967 0.034007
0.035647 0.028126 0.105363 0.307890 0.488967 0.034007
0.023335 0.052730 0.039087 0.059184 0.821321 0.004343
0.023335 0.052730 0.039087 0.059184 0.821321 0.004343
0.001431 0.028893 0.221421 0.131485 0.601590 0.015180
0.001431 0.028893 0.221421 0.131485 0.601590 0.015180
0.020981 0.082182 0.204398 0.101415 0.570591 0.020433
0.023267 0.761221 0.015103 0.006036 0.194152 0.000222
0.036231 0.060146 0.064302 0.072361 0.756395 0.010566
0.739533 0.018673 0.096306 0.010282 0.116948 0.018258
0.001717 0.040312 0.015340 0.031676 0.908498 0.002458
0.003447 0.018603 0.012865 0.177765 0.784316 0.003004
0.030870 0.009229 0.028021 0.027806 0.899981 0.004092
0.003188 0.001249 0.029078 0.036266 0.923153 0.007067
0.022859 0.003484 0.064116 0.008630 0.889337 0.011574
0.251294 0.415939 0.018001 0.009828 0.303555 0.001382
0.561996 0.012186 0.095315 0.000776 0.328024 0.001703
0.561996 0.012186 0.095315 0.000776 0.328024 0.001703
0.674298 0.073404 0.098594 0.009480 0.139083 0.005141
0.674298 0.073404 0.098594 0.009480 0.139083 0.005141
0.024481 0.005439 0.761154 0.070992 0.107824 0.030110
0.024481 0.005439 0.761154 0.070992 0.107824 0.030110
0.092300 0.065585 0.263178 0.065203 0.487694 0.026040
0.092300 0.065585 0.263178 0.065203 0.487694 0.026040
0.009338 0.001703 0.550807 0.005916 0.406530 0.025706
0.504498 0.063601 0.328576 0.007554 0.091765 0.004006
0.504498 0.063601 0.328576 0.007554 0.091765 0.004006
0.713265 0.202956 0.020260 0.014704 0.032593 0.016222
0.004238 0.001734 0.031471 0.011463 0.933672 0.017421
0.004238 0.001734 0.031471 0.011463 0.933672 0.017421
0.011726 0.010839 0.253822 0.160419 0.522299 0.040895
0.122354 0.789409 0.031606 0.001712 0.052676 0.002244
0.060660 0.023041 0.386665 0.021163 0.459177 0.049295
0.060660 0.023041 0.386665 0.021163 0.459177 0.049295
0.313963 0.024182 0.354413 0.006388 0.270373 0.030681
0.458716 0.346857 0.040770 0.001107 0.151269 0.001281
0.087767 0.080509 0.010687 0.163678 0.637119 0.020239
0.158996 0.193079 0.036159 0.113841 0.471933 0.025992
0.050071 0.089147 0.004726 0.233136 0.610857 0.012063
0.002321 0.004459 0.000691 0.946161 0.045003 0.001365
0.010091 0.042792 0.041869 0.276781 0.328833 0.299634
0.010091 0.042792 0.041869 0.276781 0.328833 0.299634
0.048705 0.107916 0.016803 0.085052 0.655787 0.085736
0.048705 0.107916 0.016803 0.085052 0.655787 0.085736
0.144606 0.322005 0.012838 0.095263 0.306411 0.118877
0.040721 0.007803 0.010599 0.041622 0.868798 0.030456
0.134173 0.004234 0.171024 0.004554 0.669005 0.017010
0.000048 0.000001 0.999798 0.000004 0.000067 0.000082
0.071239 0.002905 0.034511 0.023750 0.818330 0.049266
0.000023 0.000001 0.999748 0.000052 0.000111 0.000065
0.016494 0.001022 0.045916 0.030692 0.889012 0.016863
0.000197 0.000004 0.999241 0.000048 0.000174 0.000336
0.902492 0.009795 0.010201 0.001565 0.075139 0.000808
0.902492 0.009795 0.010201 0.001565 0.075139 0.000808
0.021719 0.133171 0.024444 0.204950 0.589947 0.025769
0.021719 0.133171 0.024444 0.204950 0.589947 0.025769
0.138237 0.176621 0.017104 0.057773 0.595089 0.015176
0.083555 0.208978 0.028686 0.164490 0.510500 0.003790
0.061404 0.004028 0.016018 0.025534 0.889582 0.003433
0.061404 0.004028 0.016018 0.025534 0.889582 0.003433
0.237698 0.132696 0.022116 0.039289 0.518051 0.050150
0.893073 0.017257 0.001631 0.002133 0.085168 0.000738
0.202231 0.669135 0.001678 0.005267 0.120994 0.000694
0.202231 0.669135 0.001678 0.005267 0.120994 0.000694
0.185244 0.180186 0.119391 0.029947 0.455233 0.029999
0.049694 0.104361 0.050312 0.087204 0.702547 0.005881
0.137610 0.217826 0.032172 0.104002 0.500187 0.008204
0.137610 0.217826 0.032172 0.104002 0.500187 0.008204
0.004669 0.027016 0.721599 0.051382 0.185258 0.010076
0.157525 0.180905 0.442160 0.037149 0.135104 0.047156
0.043388 0.129463 0.049656 0.157649 0.613998 0.005847
0.053944 0.937735 0.004591 0.001744 0.001614 0.000373
0.015108 0.050742 0.578650 0.041355 0.303004 0.011141
0.015108 0.050742 0.578650 0.041355 0.303004 0.011141
0.015486 0.942587 0.002528 0.007563 0.031657 0.000179
0.045548 0.016614 0.002270 0.051855 0.877635 0.006078
0.045548 0.016614 0.002270 0.051855 0.877635 0.006078
0.859074 0.022339 0.010121 0.001784 0.103462 0.003221
0.859074 0.022339 0.010121 0.001784 0.103462 0.003221
0.397213 0.103811 0.118532 0.051490 0.199174 0.129781
0.010790 0.069132 0.289025 0.272579 0.162658 0.195815
0.052874 0.003776 0.020574 0.129212 0.080035 0.713529
0.052874 0.003776 0.020574 0.129212 0.080035 0.713529
0.110135 0.064440 0.230151 0.203025 0.053413 0.338837
0.110135 0.064440 0.230151 0.203025 0.053413 0.338837
0.977800 0.005522 0.012855 0.000078 0.002703 0.001041
0.014121 0.020082 0.102600 0.026680 0.693519 0.142999
0.230120 0.012119 0.131195 0.018845 0.599842 0.007879
0.809779 0.107640 0.023713 0.004729 0.050832 0.003308
0.809779 0.107640 0.023713 0.004729 0.050832 0.003308
0.011524 0.003325 0.847530 0.033202 0.023062 0.081357
0.011524 0.003325 0.847530 0.033202 0.023062 0.081357
0.037101 0.004202 0.456211 0.016491 0.426673 0.059323
0.037101 0.004202 0.456211 0.016491 0.426673 0.059323
0.007042 0.004071 0.530448 0.192370 0.149854 0.116216
0.007042 0.004071 0.530448 0.192370 0.149854 0.116216
0.303782 0.050549 0.072969 0.115747 0.300093 0.156860
0.011572 0.001884 0.417818 0.104792 0.371696 0.092237
0.153435 0.059064 0.023626 0.037233 0.034544 0.692098
0.000037 0.011838 0.001507 0.953139 0.031475 0.002004
0.105305 0.001632 0.241779 0.153717 0.336559 0.161008
0.002958 0.000063 0.989437 0.000252 0.005767 0.001523
0.131224 0.039111 0.011117 0.230750 0.566584 0.021215
0.010387 0.164063 0.016156 0.640189 0.146534 0.022670
0.236208 0.695061 0.025513 0.010718 0.028894 0.003607
0.236208 0.695061 0.025513 0.010718 0.028894 0.003607
0.509614 0.170895 0.072004 0.004203 0.226489 0.016794
0.000303 0.152558 0.000991 0.271924 0.564616 0.009609
0.074783 0.081492 0.128534 0.154719 0.390509 0.169962
0.034646 0.249443 0.130430 0.036041 0.457388 0.092052
0.000875 0.012653 0.087929 0.693801 0.150384 0.054358
0.000875 0.012653 0.087929 0.693801 0.150384 0.054358
0.017398 0.141352 0.051221 0.359293 0.320493 0.110243
0.017398 0.141352 0.051221 0.359293 0.320493 0.110243
0.018448 0.050282 0.108244 0.081134 0.033315 0.708576
0.018448 0.050282 0.108244 0.081134 0.033315 0.708576
0.125178 0.045260 0.287281 0.076757 0.261243 0.204281
0.004585 0.058503 0.004280 0.321483 0.039488 0.571660
0.108571 0.505747 0.043370 0.129999 0.092329 0.119984
0.022140 0.846900 0.004828 0.066220 0.052635 0.007277
0.963570 0.013965 0.010457 0.000704 0.007572 0.003732
0.071373 0.916270 0.004984 0.000977 0.005605 0.000791
0.178852 0.504117 0.231501 0.008619 0.048198 0.028714
0.013170 0.975210 0.002209 0.004404 0.003213 0.001794
0.224262 0.034473 0.251098 0.115839 0.066604 0.307723
0.224262 0.034473 0.251098 0.115839 0.066604 0.307723
0.040275 0.849258 0.010572 0.032297 0.055093 0.012504
0.021928 0.062481 0.001523 0.050163 0.083351 0.780555
0.097114 0.081507 0.455981 0.068207 0.059866 0.237324
0.097114 0.081507 0.455981 0.068207 0.059866 0.237324
0.312087 0.041451 0.065082 0.013332 0.083410 0.484638
0.053872 0.077132 0.083782 0.107773 0.086653 0.590789
0.000083 0.182974 0.000433 0.784338 0.020457 0.011715
0.019244 0.223422 0.031527 0.145082 0.552128 0.028596
0.255870 0.558639 0.006715 0.005931 0.070951 0.101894
0.313719 0.009155 0.078564 0.012937 0.329303 0.256323
0.000068 0.001652 0.969244 0.005793 0.019312 0.003931
0.001246 0.960144 0.000045 0.017979 0.007001 0.013585
0.353489 0.202275 0.076544 0.025182 0.259058 0.083451
0.001099 0.997494 0.000020 0.000121 0.001247 0.000019
0.338922 0.458313 0.048703 0.022844 0.078603 0.052615
0.026076 0.971649 0.000148 0.000117 0.001954 0.000055
0.070909 0.053954 0.208482 0.176523 0.282077 0.208055
0.000624 0.963933 0.000596 0.020344 0.013172 0.001331
0.213385 0.059445 0.169196 0.063117 0.271554 0.223304
0.022082 0.894579 0.001111 0.008504 0.060783 0.012941
0.092946 0.397780 0.022399 0.280448 0.180917 0.025510
0.001810 0.983351 0.000060 0.009838 0.000255 0.004685
0.242398 0.209659 0.293130 0.045916 0.057754 0.151142
0.019703 0.933253 0.000833 0.002021 0.042722 0.001469
0.260856 0.680102 0.017253 0.020089 0.019864 0.001835
0.260856 0.680102 0.017253 0.020089 0.019864 0.001835
0.026540 0.028107 0.557122 0.137416 0.201870 0.048945
0.026540 0.028107 0.557122 0.137416 0.201870 0.048945
0.030073 0.004570 0.354518 0.058907 0.534762 0.017169
0.030073 0.004570 0.354518 0.058907 0.534762 0.017169
0.022283 0.010182 0.825651 0.016204 0.065755 0.059925
0.001026 0.271207 0.006486 0.177147 0.533336 0.010797
0.000703 0.265437 0.000415 0.156510 0.572754 0.004181
0.029361 0.001823 0.023505 0.021813 0.029997 0.893501
0.002610 0.973781 0.005039 0.002495 0.010323 0.005752
0.060841 0.004048 0.067543 0.046651 0.047691 0.773225
0.060841 0.004048 0.067543 0.046651 0.047691 0.773225
0.031714 0.002193 0.014946 0.022631 0.023017 0.905499
0.031714 0.002193 0.014946 0.022631 0.023017 0.905499
0.002777 0.000199 0.098937 0.011609 0.043585 0.842893
0.042275 0.022608 0.047106 0.242772 0.040205 0.605034
0.042275 0.022608 0.047106 0.242772 0.040205 0.605034
0.398136 0.050950 0.048370 0.086852 0.017538 0.398154
0.198645 0.788994 0.000966 0.002059 0.002245 0.007091
0.016612 0.010679 0.073837 0.627276 0.068602 0.202994
0.016612 0.010679 0.073837 0.627276 0.068602 0.202994
0.286963 0.085762 0.038144 0.151679 0.093206 0.344246
0.177519 0.809351 0.000796 0.000891 0.010982 0.000461
0.000529 0.545383 0.001971 0.333719 0.023654 0.094744
0.511059 0.030294 0.176544 0.031938 0.141675 0.108490
0.027852 0.551360 0.008192 0.014123 0.026701 0.371772
0.024923 0.016959 0.368331 0.249608 0.242187 0.097992
0.004177 0.103585 0.004654 0.080773 0.053847 0.752964
0.639362 0.005208 0.172860 0.016319 0.076273 0.089978
0.027149 0.069377 0.060393 0.022004 0.794157 0.026919
0.014445 0.973723 0.003748 0.002943 0.002624 0.002518
0.128352 0.047657 0.349281 0.019019 0.368386 0.087305
0.034614 0.952842 0.000282 0.000238 0.011853 0.000172
0.236812 0.006369 0.363381 0.013191 0.205907 0.174341
0.017697 0.078104 0.015831 0.006847 0.862922 0.018600
0.202024 0.034001 0.080763 0.057857 0.607301 0.018054
0.045407 0.953737 0.000043 0.000169 0.000568 0.000075
0.194112 0.027749 0.040006 0.114225 0.606379 0.017530
0.014204 0.920805 0.001984 0.026786 0.026684 0.009537
0.084678 0.711274 0.008231 0.048488 0.144166 0.003162
0.084678 0.711274 0.008231 0.048488 0.144166 0.003162
0.203682 0.002960 0.295427 0.023296 0.315363 0.159271
0.062681 0.144579 0.117345 0.071562 0.533482 0.070351
0.111437 0.004705 0.052455 0.025977 0.796477 0.008949
0.245789 0.009356 0.003915 0.000733 0.733543 0.006663
0.779769 0.003113 0.065805 0.005617 0.107516 0.038181
0.027438 0.574049 0.053615 0.137688 0.167999 0.039212
0.904146 0.030971 0.025401 0.009779 0.022869 0.006833
0.904146 0.030971 0.025401 0.009779 0.022869 0.006833
0.225668 0.020771 0.490819 0.011363 0.216263 0.035117
0.059222 0.431616 0.102929 0.013535 0.364120 0.028578
0.186267 0.008758 0.583750 0.081456 0.030365 0.109404
0.032010 0.531304 0.034497 0.132350 0.020268 0.249571
0.675490 0.249699 0.011620 0.027597 0.033442 0.002152
0.675490 0.249699 0.011620 0.027597 0.033442 0.002152
0.025185 0.010203 0.517220 0.240909 0.029826 0.176657
0.025185 0.010203 0.517220 0.240909 0.029826 0.176657
0.009325 0.005331 0.509870 0.360117 0.079480 0.035878
0.003560 0.898362 0.001737 0.084637 0.006051 0.005653
0.128205 0.771823 0.004392 0.011277 0.068309 0.015994
0.304584 0.035768 0.268494 0.135886 0.090741 0.164527
0.292112 0.640691 0.005888 0.002564 0.054815 0.003930
0.648574 0.142841 0.150292 0.002006 0.043040 0.013248
0.648574 0.142841 0.150292 0.002006 0.043040 0.013248
0.000371 0.654826 0.007068 0.282623 0.036494 0.018619
0.642380 0.166700 0.153374 0.002410 0.011125 0.024011
0.642380 0.166700 0.153374 0.002410 0.011125 0.024011
0.572763 0.048860 0.077663 0.022204 0.209752 0.068758
0.000933 0.933950 0.000515 0.045038 0.011179 0.008385
0.110830 0.002879 0.141060 0.100589 0.523529 0.121114
0.006998 0.023500 0.952635 0.002132 0.009734 0.005001
0.019302 0.000737 0.497592 0.081052 0.371508 0.029809
0.019302 0.000737 0.497592 0.081052 0.371508 0.029809
0.278386 0.094434 0.101809 0.090494 0.410858 0.024019
0.166637 0.823987 0.000016 0.000505 0.008834 0.000021
0.001328 0.939291 0.001783 0.034772 0.003915 0.018911
0.139225 0.018718 0.643066 0.018666 0.091714 0.088612
0.012340 0.975253 0.000984 0.000794 0.007637 0.002992
0.754103 0.126455 0.057430 0.011336 0.039870 0.010806
0.009633 0.970716 0.012761 0.001705 0.001805 0.003381
0.027482 0.061909 0.660738 0.118244 0.088325 0.043301
0.004601 0.771586 0.032428 0.031617 0.152195 0.007573
0.551746 0.384944 0.039163 0.009923 0.012177 0.002048
0.012470 0.614810 0.018577 0.061809 0.282336 0.009999
0.370542 0.096708 0.348742 0.030673 0.052922 0.100412
0.007743 0.891080 0.048587 0.012276 0.032816 0.007497
0.167681 0.006715 0.221803 0.015289 0.358230 0.230282
0.167681 0.006715 0.221803 0.015289 0.358230 0.230282
0.011065 0.008756 0.018116 0.332083 0.040902 0.589077
0.026982 0.065293 0.044467 0.380355 0.372826 0.110076
0.000479 0.000077 0.000539 0.003318 0.000687 0.994900
0.008483 0.000136 0.003356 0.000664 0.021999 0.965362
0.086452 0.004342 0.000852 0.008270 0.000356 0.899729
0.001432 0.000124 0.002664 0.003667 0.000460 0.991653
0.044638 0.000918 0.022736 0.001078 0.001099 0.929531
0.000154 0.000033 0.009966 0.001041 0.000072 0.988735
0.000154 0.000033 0.009966 0.001041 0.000072 0.988735
0.000430 0.000040 0.002169 0.000277 0.000571 0.996513
0.000430 0.000040 0.002169 0.000277 0.000571 0.996513
0.147046 0.044619 0.075985 0.047251 0.324088 0.361011
0.147046 0.044619 0.075985 0.047251 0.324088 0.361011
0.036875 0.004025 0.011518 0.024784 0.037459 0.885338
0.335613 0.387272 0.103640 0.015587 0.021673 0.136215
0.014227 0.004810 0.096506 0.018774 0.113554 0.752129
0.000937 0.003437 0.011268 0.230967 0.086153 0.667238
0.000858 0.002629 0.032530 0.210799 0.031938 0.721246
0.000858 0.002629 0.032530 0.210799 0.031938 0.721246
0.015510 0.002845 0.021019 0.082161 0.069929 0.808535
0.007340 0.016225 0.000338 0.004389 0.711231 0.260478
0.009644 0.002194 0.047562 0.054743 0.012058 0.873798
0.424231 0.489933 0.004069 0.003032 0.070000 0.008734
0.003090 0.001892 0.019889 0.119767 0.020265 0.835096
0.006011 0.001994 0.090523 0.042681 0.058193 0.800598
0.672211 0.057863 0.025500 0.020413 0.008025 0.215988
0.672211 0.057863 0.025500 0.020413 0.008025 0.215988
0.001219 0.009001 0.010968 0.711230 0.027059 0.240522
0.372643 0.296679 0.009394 0.046226 0.269293 0.005765
0.027348 0.014313 0.109218 0.026803 0.120463 0.701855
0.027348 0.014313 0.109218 0.026803 0.120463 0.701855
0.033105 0.001994 0.088907 0.077406 0.116809 0.681779
0.033105 0.001994 0.088907 0.077406 0.116809 0.681779
0.785141 0.009017 0.013477 0.003570 0.048029 0.140765
0.785141 0.009017 0.013477 0.003570 0.048029 0.140765
0.077980 0.001872 0.542542 0.019308 0.029305 0.328993
0.402798 0.066598 0.019013 0.020672 0.431048 0.059870
0.058452 0.012694 0.187562 0.140458 0.017814 0.583021
0.110825 0.244926 0.012975 0.119833 0.469505 0.041936
0.132587 0.011676 0.157310 0.019462 0.072508 0.606457
0.132587 0.011676 0.157310 0.019462 0.072508 0.606457
0.004751 0.000481 0.076275 0.110593 0.007759 0.800142
0.030922 0.003841 0.005177 0.010916 0.026039 0.923104
0.021119 0.000868 0.240595 0.033679 0.026302 0.677437
0.021119 0.000868 0.240595 0.033679 0.026302 0.677437
0.091016 0.016599 0.093376 0.155552 0.026776 0.616681
0.041768 0.061800 0.003267 0.656035 0.212765 0.024366
0.398443 0.024062 0.108318 0.005165 0.007130 0.456882
0.398443 0.024062 0.108318 0.005165 0.007130 0.456882
0.016365 0.000715 0.007469 0.004285 0.020950 0.950218
0.016365 0.000715 0.007469 0.004285 0.020950 0.950218
0.000768 0.000690 0.006567 0.004161 0.001026 0.986788
0.000044 0.008036 0.000098 0.955928 0.023530 0.012364
0.073002 0.032918 0.001125 0.107271 0.011821 0.773863
0.000009 0.000198 0.000197 0.981009 0.017046 0.001541
0.006885 0.004457 0.034560 0.041536 0.028270 0.884292
0.004869 0.005771 0.011488 0.136390 0.800988 0.040493
0.013929 0.002203 0.110166 0.058725 0.091884 0.723092
0.013929 0.002203 0.110166 0.058725 0.091884 0.723092
0.834557 0.005455 0.023482 0.003697 0.014105 0.118704
0.000333 0.000026 0.995220 0.000101 0.002517 0.001803
0.068525 0.041047 0.016963 0.070819 0.165317 0.637329
0.011680 0.075825 0.007152 0.148408 0.717632 0.039303
0.012586 0.002084 0.034374 0.082777 0.031321 0.836857
0.012586 0.002084 0.034374 0.082777 0.031321 0.836857
0.096023 0.046349 0.025306 0.110236 0.024528 0.697559
0.096023 0.046349 0.025306 0.110236 0.024528 0.697559
0.012296 0.000905 0.137330 0.025044 0.152085 0.672340
0.002558 0.075806 0.017139 0.553613 0.305224 0.045661
0.054687 0.069766 0.045806 0.171372 0.105702 0.552667
0.002931 0.042633 0.011318 0.622262 0.299762 0.021094
0.572519 0.094428 0.040166 0.081447 0.065084 0.146356
0.003043 0.144287 0.020146 0.587962 0.151529 0.093033
0.563762 0.137268 0.073954 0.011058 0.029854 0.184104
0.563762 0.137268 0.073954 0.011058 0.029854 0.184104
0.001987 0.020057 0.114904 0.407554 0.016917 0.438580
0.004427 0.050468 0.014664 0.554700 0.356261 0.019480
0.067648 0.067264 0.027861 0.112104 0.141267 0.583857
0.016484 0.048476 0.001044 0.060225 0.866553 0.007217
0.028618 0.000277 0.004596 0.009523 0.063608 0.893379
0.287382 0.244462 0.030320 0.046918 0.028327 0.362592
0.063541 0.000290 0.031745 0.006678 0.139786 0.757961
0.063541 0.000290 0.031745 0.006678 0.139786 0.757961
0.000592 0.010988 0.010940 0.829048 0.145938 0.002494
0.005107 0.003024 0.050422 0.031936 0.874642 0.034870
0.001491 0.014890 0.091459 0.714767 0.085196 0.092195
0.055473 0.040328 0.701494 0.137989 0.033144 0.031572
0.176904 0.016367 0.109495 0.058225 0.516511 0.122498
0.011328 0.017190 0.280631 0.349611 0.275932 0.065309
0.163533 0.002641 0.096942 0.006917 0.016109 0.713858
0.163533 0.002641 0.096942 0.006917 0.016109 0.713858
0.083196 0.013806 0.039965 0.108981 0.127802 0.626250
0.083196 0.013806 0.039965 0.108981 0.127802 0.626250
0.097745 0.280645 0.021115 0.059936 0.074486 0.466073
0.097745 0.280645 0.021115 0.059936 0.074486 0.466073
0.217809 0.260880 0.036071 0.021018 0.068318 0.395904
0.448798 0.437998 0.086641 0.001906 0.022996 0.001660
0.043083 0.043903 0.463459 0.021500 0.063514 0.364542
0.043083 0.043903 0.463459 0.021500 0.063514 0.364542
0.587560 0.040238 0.145505 0.005871 0.201645 0.019180
0.026737 0.037464 0.264573 0.074586 0.534488 0.062153
0.069869 0.100721 0.249461 0.238668 0.246586 0.094695
0.069869 0.100721 0.249461 0.238668 0.246586 0.094695
0.019663 0.053294 0.322472 0.160318 0.243581 0.200672
0.018187 0.082852 0.418399 0.279144 0.087995 0.113423
0.018323 0.065256 0.324579 0.180607 0.337428 0.073808
0.763213 0.009014 0.041770 0.000515 0.184474 0.001013
0.071972 0.002071 0.012595 0.000209 0.905012 0.008141
0.071972 0.002071 0.012595 0.000209 0.905012 0.008141
0.178863 0.034698 0.390382 0.005869 0.348660 0.041528
0.041951 0.003180 0.326527 0.046939 0.542015 0.039388
0.247125 0.016993 0.201675 0.030265 0.335871 0.168071
0.094918 0.005489 0.762333 0.023696 0.012377 0.101187
0.012847 0.004152 0.089683 0.232800 0.642434 0.018085
0.209211 0.034841 0.021765 0.131568 0.593580 0.009035
0.154441 0.041302 0.108426 0.101713 0.575673 0.018445
0.432636 0.010694 0.088404 0.002132 0.459396 0.006738
0.018668 0.008445 0.130454 0.037361 0.780904 0.024167
0.850970 0.103637 0.029049 0.005047 0.009251 0.002045
0.422243 0.034851 0.434410 0.008632 0.017646 0.082219
0.759594 0.172744 0.035619 0.008994 0.020412 0.002636
0.928879 0.064571 0.004580 0.000194 0.001469 0.000306
0.739464 0.044803 0.031623 0.013731 0.154752 0.015627
0.723713 0.004366 0.094918 0.008101 0.152426 0.016476
0.520146 0.146089 0.015727 0.029650 0.252542 0.035846
0.923321 0.025518 0.033590 0.000378 0.016307 0.000886
0.192726 0.038109 0.050721 0.049556 0.634522 0.034365
0.220714 0.761180 0.006445 0.000985 0.010397 0.000279
0.065734 0.037428 0.103487 0.128709 0.155232 0.509409
0.003623 0.613563 0.021804 0.329699 0.027798 0.003514
0.369693 0.387868 0.009981 0.010430 0.081472 0.140556
0.000272 0.002598 0.006487 0.933580 0.040272 0.016790
0.494671 0.326028 0.004174 0.031068 0.106648 0.037412
0.000358 0.011726 0.004903 0.975017 0.006431 0.001564
0.430918 0.139365 0.045211 0.044493 0.305257 0.034756
0.662655 0.043048 0.038078 0.031032 0.223049 0.002137
0.034364 0.064321 0.097272 0.397755 0.241871 0.164417
0.189386 0.007437 0.355953 0.023941 0.384312 0.038971
0.075934 0.004211 0.179573 0.112185 0.560286 0.067810
0.025952 0.000199 0.973574 0.000032 0.000148 0.000096
0.884130 0.021609 0.021875 0.000760 0.068232 0.003394
0.884130 0.021609 0.021875 0.000760 0.068232 0.003394
0.027292 0.000041 0.971708 0.000016 0.000827 0.000115
0.000032 0.000009 0.999258 0.000366 0.000184 0.000152
0.206887 0.017329 0.080270 0.032541 0.630045 0.032928
0.008071 0.000529 0.988455 0.000468 0.002143 0.000333
0.479558 0.157161 0.064853 0.036537 0.233194 0.028697
0.479558 0.157161 0.064853 0.036537 0.233194 0.028697
0.049737 0.132184 0.140840 0.307020 0.345684 0.024535
0.100129 0.896605 0.001549 0.000749 0.000510 0.000458
0.471550 0.495753 0.008969 0.002091 0.013241 0.008396
0.001820 0.007690 0.067839 0.550774 0.365908 0.005969
0.001820 0.007690 0.067839 0.550774 0.365908 0.005969
0.713490 0.003784 0.027915 0.000072 0.243502 0.011238
0.012506 0.105879 0.264184 0.346202 0.217379 0.053850
0.012506 0.105879 0.264184 0.346202 0.217379 0.053850
0.004031 0.059221 0.056052 0.715142 0.132661 0.032895
0.004031 0.059221 0.056052 0.715142 0.132661 0.032895
0.000220 0.001291 0.325102 0.429754 0.072873 0.170760
0.041983 0.024377 0.203234 0.207978 0.414205 0.108224
0.041983 0.024377 0.203234 0.207978 0.414205 0.108224
0.060823 0.003696 0.133267 0.026100 0.677244 0.098869
0.060823 0.003696 0.133267 0.026100 0.677244 0.098869
0.040629 0.001693 0.032321 0.039711 0.017304 0.868342
0.040629 0.001693 0.032321 0.039711 0.017304 0.868342
0.738365 0.136907 0.043411 0.011713 0.005191 0.064412
0.738365 0.136907 0.043411 0.011713 0.005191 0.064412
0.081852 0.042355 0.125976 0.182530 0.436222 0.131064
0.000036 0.000089 0.000142 0.005539 0.000067 0.994126
0.225319 0.114583 0.064264 0.195887 0.368736 0.031211
0.005376 0.025590 0.001445 0.660220 0.013507 0.293862
0.562216 0.337414 0.046820 0.007521 0.042741 0.003288
0.562216 0.337414 0.046820 0.007521 0.042741 0.003288
0.478155 0.485048 0.020945 0.001380 0.012482 0.001990
0.022282 0.973627 0.002381 0.000302 0.001081 0.000327
0.225733 0.002578 0.175963 0.007772 0.569966 0.017988
0.225733 0.002578 0.175963 0.007772 0.569966 0.017988
0.625507 0.043762 0.015265 0.011153 0.242808 0.061505
0.221030 0.150447 0.386299 0.038825 0.087635 0.115765
0.030937 0.004148 0.020230 0.061545 0.013643 0.869498
0.590007 0.003756 0.179717 0.004986 0.165015 0.056518
0.035795 0.003176 0.957706 0.000176 0.001892 0.001255
0.033894 0.020612 0.205162 0.356579 0.336503 0.047250
0.001929 0.297549 0.039967 0.556312 0.096477 0.007765
0.437728 0.345422 0.033279 0.052392 0.107549 0.023629
0.028378 0.672682 0.001086 0.204138 0.058850 0.034867
0.197594 0.056815 0.025581 0.304895 0.398957 0.016158
0.124009 0.805576 0.000158 0.036152 0.007890 0.026215
0.760367 0.047127 0.018243 0.033354 0.079840 0.061070
0.122118 0.753710 0.003459 0.008605 0.061637 0.050470
0.125723 0.813060 0.046403 0.004092 0.003831 0.006892
0.002869 0.011119 0.017553 0.052822 0.001569 0.914069
0.138530 0.037223 0.358536 0.154403 0.166748 0.144560
0.267976 0.467056 0.013207 0.052185 0.166134 0.033442
0.036205 0.031446 0.700364 0.110881 0.046580 0.074523
0.034828 0.925022 0.014054 0.011150 0.009046 0.005900
0.382334 0.181092 0.062037 0.051763 0.299883 0.022891
0.337757 0.334871 0.018336 0.047633 0.254847 0.006556
0.169602 0.024946 0.088219 0.106134 0.513684 0.097415
0.169602 0.024946 0.088219 0.106134 0.513684 0.097415
0.609252 0.067333 0.011317 0.052826 0.250845 0.008427
0.911092 0.081614 0.000277 0.000668 0.006249 0.000100
0.284741 0.095194 0.058921 0.070815 0.476040 0.014288
0.078221 0.028251 0.491067 0.045875 0.305868 0.050718
0.153914 0.016124 0.055601 0.002425 0.009773 0.762162
0.007303 0.005419 0.154402 0.015578 0.009971 0.807327
0.020056 0.001690 0.119021 0.032672 0.017103 0.809457
0.020056 0.001690 0.119021 0.032672 0.017103 0.809457
0.233480 0.029299 0.019895 0.057784 0.047493 0.612050
0.233480 0.029299 0.019895 0.057784 0.047493 0.612050
0.897901 0.012016 0.071293 0.000221 0.015526 0.003044
0.897901 0.012016 0.071293 0.000221 0.015526 0.003044
0.200596 0.042865 0.272173 0.076696 0.355012 0.052657
0.196996 0.020056 0.158926 0.029561 0.517273 0.077187
0.342462 0.092612 0.040255 0.009932 0.506917 0.007822
0.342462 0.092612 0.040255 0.009932 0.506917 0.007822
0.028767 0.005917 0.312644 0.079183 0.535212 0.038278
0.028767 0.005917 0.312644 0.079183 0.535212 0.038278
0.210056 0.074646 0.240669 0.018376 0.426754 0.029499
0.013777 0.042400 0.183867 0.324913 0.369744 0.065299
0.682128 0.063774 0.006378 0.010781 0.234580 0.002359
0.421194 0.157622 0.038859 0.109961 0.239841 0.032523
0.515805 0.012753 0.159192 0.016650 0.224345 0.071256
0.515805 0.012753 0.159192 0.016650 0.224345 0.071256
0.298279 0.661002 0.018449 0.000966 0.020970 0.000335
0.298279 0.661002 0.018449 0.000966 0.020970 0.000335
0.295187 0.652484 0.004507 0.003792 0.042401 0.001629
0.295187 0.652484 0.004507 0.003792 0.042401 0.001629
0.442532 0.144904 0.071267 0.019362 0.312873 0.009061
0.442532 0.144904 0.071267 0.019362 0.312873 0.009061
0.688302 0.044546 0.070780 0.003052 0.181373 0.011947
0.030511 0.042139 0.683672 0.017047 0.215079 0.011552
0.567578 0.048692 0.214296 0.004191 0.130877 0.034366
0.062924 0.266019 0.420973 0.063807 0.114295 0.071981
0.003321 0.000734 0.013920 0.060226 0.904958 0.016842
0.106588 0.000290 0.015017 0.000030 0.877106 0.000969
0.106588 0.000290 0.015017 0.000030 0.877106 0.000969
0.734655 0.095309 0.029507 0.012415 0.122612 0.005502
0.734655 0.095309 0.029507 0.012415 0.122612 0.005502
0.230005 0.022214 0.228913 0.003605 0.511396 0.003866
0.230005 0.022214 0.228913 0.003605 0.511396 0.003866
0.893081 0.051014 0.029284 0.000582 0.023205 0.002834
0.893081 0.051014 0.029284 0.000582 0.023205 0.002834
0.103135 0.055634 0.195817 0.382505 0.188487 0.074422
0.756804 0.005107 0.041535 0.001274 0.185660 0.009621
0.465185 0.459525 0.005820 0.002312 0.065929 0.001230
0.465185 0.459525 0.005820 0.002312 0.065929 0.001230
0.013325 0.039231 0.057898 0.405819 0.457866 0.025860
0.348278 0.635152 0.003565 0.001569 0.010885 0.000550
0.058323 0.009892 0.290476 0.031274 0.589928 0.020106
0.058323 0.009892 0.290476 0.031274 0.589928 0.020106
0.875256 0.069041 0.010848 0.002495 0.028313 0.014047
0.875256 0.069041 0.010848 0.002495 0.028313 0.014047
0.624941 0.054667 0.004039 0.048646 0.195011 0.072696
0.141873 0.216190 0.008167 0.453514 0.054623 0.125633
0.783032 0.209933 0.000980 0.000063 0.001440 0.004553
0.783032 0.209933 0.000980 0.000063 0.001440 0.004553
0.324426 0.212892 0.025404 0.088433 0.243748 0.105095
0.317984 0.047246 0.112204 0.223203 0.079433 0.219930
0.778905 0.168868 0.006671 0.023069 0.021564 0.000923
0.778905 0.168868 0.006671 0.023069 0.021564 0.000923
0.171036 0.001361 0.073658 0.003346 0.730422 0.020176
0.171036 0.001361 0.073658 0.003346 0.730422 0.020176
0.065306 0.011032 0.112937 0.133135 0.652295 0.025295
0.002626 0.000291 0.988622 0.003497 0.002315 0.002649
0.484252 0.000334 0.006285 0.000046 0.508533 0.000550
0.484252 0.000334 0.006285 0.000046 0.508533 0.000550
0.005954 0.000576 0.988047 0.000526 0.001475 0.003422
0.224797 0.128517 0.365915 0.017774 0.187695 0.075301
0.224797 0.128517 0.365915 0.017774 0.187695 0.075301
0.198085 0.116872 0.134212 0.138145 0.376423 0.036264
0.039130 0.073252 0.284081 0.283999 0.253344 0.066193
0.788667 0.166383 0.012890 0.008447 0.022053 0.001560
0.820245 0.137848 0.005080 0.002842 0.018099 0.015887
0.017008 0.016416 0.223463 0.043977 0.676602 0.022534
0.017008 0.016416 0.223463 0.043977 0.676602 0.022534
0.164950 0.149045 0.082599 0.156067 0.432698 0.014640
0.164950 0.149045 0.082599 0.156067 0.432698 0.014640
0.228990 0.203339 0.037072 0.121251 0.271749 0.137599
0.204722 0.092471 0.089102 0.218426 0.171765 0.223513
0.155470 0.049878 0.170201 0.073268 0.512114 0.039069
0.155470 0.049878 0.170201 0.073268 0.512114 0.039069
0.026388 0.954389 0.001951 0.011724 0.004515 0.001033
0.026388 0.954389 0.001951 0.011724 0.004515 0.001033
0.739533 0.018673 0.096306 0.010282 0.116948 0.018258
0.739533 0.018673 0.096306 0.010282 0.116948 0.018258
0.324608 0.021038 0.017230 0.103870 0.509747 0.023506
0.030619 0.011360 0.041666 0.154406 0.711043 0.050906
0.975578 0.008171 0.013218 0.000169 0.002247 0.000617
0.071943 0.007877 0.181129 0.030717 0.695319 0.013016
0.152802 0.073670 0.237246 0.015985 0.509255 0.011042
0.518376 0.143423 0.043236 0.015215 0.020283 0.259468
0.518376 0.143423 0.043236 0.015215 0.020283 0.259468
0.036814 0.002298 0.027450 0.002253 0.001615 0.929571
0.036814 0.002298 0.027450 0.002253 0.001615 0.929571
0.684849 0.020702 0.015065 0.003144 0.000814 0.275427
0.684849 0.020702 0.015065 0.003144 0.000814 0.275427
0.276863 0.084247 0.081419 0.257670 0.114986 0.184815
0.347399 0.023330 0.314071 0.138203 0.156370 0.020628
0.162331 0.033238 0.122774 0.162528 0.106062 0.413068
0.162331 0.033238 0.122774 0.162528 0.106062 0.413068
0.475191 0.053396 0.026624 0.150149 0.125592 0.169049
0.139610 0.012744 0.146411 0.401472 0.271100 0.028662
0.048890 0.020602 0.080315 0.263009 0.173986 0.413197
0.048890 0.020602 0.080315 0.263009 0.173986 0.413197
0.010333 0.005594 0.132034 0.054188 0.017712 0.780138
0.089916 0.000497 0.530893 0.085602 0.229368 0.063724
0.016041 0.001714 0.124406 0.008842 0.818093 0.030903
0.003496 0.000444 0.028905 0.004611 0.004189 0.958354
0.130825 0.022187 0.229705 0.155405 0.433964 0.027915
0.130825 0.022187 0.229705 0.155405 0.433964 0.027915
0.970631 0.005109 0.002382 0.000428 0.003165 0.018285
0.597072 0.064769 0.059288 0.045302 0.169474 0.064096
0.597072 0.064769 0.059288 0.045302 0.169474 0.064096
0.934811 0.013092 0.044815 0.000583 0.004483 0.002216
0.013487 0.001837 0.930719 0.011340 0.018440 0.024176
0.198395 0.020514 0.148038 0.037885 0.516599 0.078569
0.995019 0.001730 0.000225 0.000033 0.002926 0.000067
0.284694 0.670448 0.018620 0.003931 0.020583 0.001723
0.964413 0.005032 0.007385 0.000145 0.022761 0.000264
0.072010 0.029057 0.511916 0.015907 0.187253 0.183858
0.072010 0.029057 0.511916 0.015907 0.187253 0.183858
0.828802 0.028063 0.054630 0.005566 0.079805 0.003134
0.405713 0.410592 0.095483 0.032715 0.053055 0.002444
0.036479 0.002164 0.057240 0.023155 0.836895 0.044066
0.665566 0.153082 0.099460 0.015516 0.055330 0.011046
0.966476 0.007426 0.010581 0.000525 0.014529 0.000463
0.966476 0.007426 0.010581 0.000525 0.014529 0.000463
0.118349 0.001199 0.071800 0.028178 0.711462 0.069012
0.167703 0.001703 0.200847 0.030566 0.527545 0.071635
0.167703 0.001703 0.200847 0.030566 0.527545 0.071635
0.031393 0.002706 0.513720 0.090816 0.339840 0.021525
0.104184 0.001386 0.398703 0.153907 0.284540 0.057280
0.217964 0.000702 0.223054 0.014748 0.476041 0.067491
0.031543 0.021982 0.655155 0.146149 0.076105 0.069066
0.096718 0.016411 0.512979 0.120202 0.160373 0.093317
0.514202 0.008060 0.275724 0.043398 0.123471 0.035145
0.375475 0.031019 0.346814 0.048859 0.134384 0.063448
0.973577 0.001290 0.007485 0.000112 0.009772 0.007765
0.992283 0.002758 0.003657 0.000060 0.000908 0.000335
0.992283 0.002758 0.003657 0.000060 0.000908 0.000335
0.764578 0.023549 0.019857 0.009562 0.033952 0.148502
0.075883 0.021193 0.056608 0.648812 0.142672 0.054832
0.317575 0.000342 0.458289 0.046811 0.167184 0.009799
0.504719 0.002360 0.052586 0.048318 0.364452 0.027564
0.003189 0.000018 0.995101 0.000079 0.001035 0.000578
0.096967 0.061005 0.019076 0.345730 0.436976 0.040247
0.213039 0.097787 0.081455 0.215838 0.361565 0.030316
0.099073 0.014072 0.678721 0.030263 0.103501 0.074369
0.789128 0.188261 0.011217 0.000288 0.009725 0.001381
0.035330 0.004245 0.060772 0.067538 0.746053 0.086061
0.929917 0.000542 0.005556 0.000034 0.058273 0.005677
0.565230 0.033756 0.089968 0.167738 0.134204 0.009104
0.565230 0.033756 0.089968 0.167738 0.134204 0.009104
0.911065 0.033748 0.001363 0.001755 0.050904 0.001165
0.001031 0.038555 0.003164 0.826484 0.125017 0.005749
0.479250 0.073398 0.241361 0.072901 0.077441 0.055649
0.479250 0.073398 0.241361 0.072901 0.077441 0.055649
0.353905 0.128565 0.175721 0.094192 0.229173 0.018445
0.353905 0.128565 0.175721 0.094192 0.229173 0.018445
0.560761 0.038292 0.023212 0.051176 0.291493 0.035066
0.560761 0.038292 0.023212 0.051176 0.291493 0.035066
0.044081 0.000733 0.016476 0.003414 0.026887 0.908410
0.044081 0.000733 0.016476 0.003414 0.026887 0.908410
0.881532 0.034760 0.016094 0.001990 0.013782 0.051842
0.587435 0.021231 0.102523 0.022115 0.049857 0.216839
0.851694 0.121046 0.018286 0.000086 0.007886 0.001002
0.851694 0.121046 0.018286 0.000086 0.007886 0.001002
0.756185 0.186861 0.048373 0.001494 0.002482 0.004605
0.756185 0.186861 0.048373 0.001494 0.002482 0.004605
0.925432 0.011091 0.035109 0.000405 0.008630 0.019333
0.344844 0.002907 0.524327 0.003382 0.099258 0.025281
0.312697 0.029678 0.120721 0.343596 0.160538 0.032770
0.312697 0.029678 0.120721 0.343596 0.160538 0.032770
0.916906 0.001909 0.001152 0.000032 0.079420 0.000580
0.916906 0.001909 0.001152 0.000032 0.079420 0.000580
0.021419 0.008669 0.005687 0.020705 0.919098 0.024422
0.732664 0.056164 0.073204 0.007393 0.078642 0.051933
0.619144 0.027543 0.088422 0.035245 0.044168 0.185477
0.980140 0.016113 0.000892 0.000174 0.002369 0.000312
0.193499 0.004040 0.099646 0.016639 0.500287 0.185889
0.193499 0.004040 0.099646 0.016639 0.500287 0.185889
0.163255 0.014160 0.493061 0.032209 0.160711 0.136605
0.163255 0.014160 0.493061 0.032209 0.160711 0.136605
0.523141 0.046727 0.252846 0.011682 0.017640 0.147964
0.523141 0.046727 0.252846 0.011682 0.017640 0.147964
0.995448 0.001945 0.002215 0.000006 0.000286 0.000100
0.995448 0.001945 0.002215 0.000006 0.000286 0.000100
0.455617 0.531670 0.004137 0.000631 0.007520 0.000425
0.455617 0.531670 0.004137 0.000631 0.007520 0.000425
0.038736 0.003866 0.148397 0.010995 0.685633 0.112372
0.038736 0.003866 0.148397 0.010995 0.685633 0.112372
0.167606 0.089207 0.171941 0.093823 0.377404 0.100019
0.011182 0.097225 0.002967 0.513973 0.347939 0.026714
0.889521 0.084800 0.004758 0.001196 0.018823 0.000900
0.889521 0.084800 0.004758 0.001196 0.018823 0.000900
0.604223 0.116781 0.078937 0.015721 0.150680 0.033658
0.604223 0.116781 0.078937 0.015721 0.150680 0.033658
0.398292 0.566441 0.025741 0.000347 0.008326 0.000852
0.098688 0.066011 0.229341 0.094157 0.439711 0.072092
0.098688 0.066011 0.229341 0.094157 0.439711 0.072092
0.996371 0.000896 0.001212 0.000016 0.001426 0.000079
0.501312 0.001056 0.123892 0.007980 0.299034 0.066726
0.501312 0.001056 0.123892 0.007980 0.299034 0.066726
0.903600 0.002811 0.042779 0.000853 0.029338 0.020619
0.903600 0.002811 0.042779 0.000853 0.029338 0.020619
0.923895 0.000621 0.016952 0.000753 0.055555 0.002223
0.923895 0.000621 0.016952 0.000753 0.055555 0.002223
0.864963 0.010884 0.102805 0.000758 0.017663 0.002926
0.864963 0.010884 0.102805 0.000758 0.017663 0.002926
0.044040 0.002264 0.505839 0.014891 0.401566 0.031400
0.044040 0.002264 0.505839 0.014891 0.401566 0.031400
0.996112 0.000276 0.002736 0.000003 0.000635 0.000239
0.996112 0.000276 0.002736 0.000003 0.000635 0.000239
0.152373 0.003161 0.341697 0.017608 0.410425 0.074736
0.152373 0.003161 0.341697 0.017608 0.410425 0.074736
0.983683 0.011249 0.000834 0.000042 0.003867 0.000325
0.983683 0.011249 0.000834 0.000042 0.003867 0.000325
0.689749 0.017716 0.035422 0.016118 0.204126 0.036869
0.689749 0.017716 0.035422 0.016118 0.204126 0.036869
0.832041 0.006596 0.003733 0.008004 0.148190 0.001435
0.832041 0.006596 0.003733 0.008004 0.148190 0.001435
0.463125 0.005073 0.066673 0.007176 0.433182 0.024772
0.463125 0.005073 0.066673 0.007176 0.433182 0.024772
0.993819 0.003910 0.001345 0.000023 0.000682 0.000222
0.622205 0.023887 0.249453 0.009399 0.050369 0.044686
0.622205 0.023887 0.249453 0.009399 0.050369 0.044686
0.833921 0.013803 0.101400 0.001627 0.009056 0.040192
0.833921 0.013803 0.101400 0.001627 0.009056 0.040192
0.565018 0.008724 0.220789 0.057084 0.123894 0.024490
0.565018 0.008724 0.220789 0.057084 0.123894 0.024490
0.896467 0.012997 0.052886 0.002060 0.027333 0.008256
0.896467 0.012997 0.052886 0.002060 0.027333 0.008256
0.674673 0.013210 0.244088 0.003026 0.043665 0.021338
0.674673 0.013210 0.244088 0.003026 0.043665 0.021338
0.738179 0.022118 0.156198 0.015441 0.050888 0.017176
0.373880 0.027380 0.328399 0.114257 0.091571 0.064514
0.587754 0.004655 0.320999 0.003882 0.033474 0.049236
0.587754 0.004655 0.320999 0.003882 0.033474 0.049236
0.563443 0.013134 0.250712 0.009161 0.101880 0.061670
0.682721 0.013269 0.142925 0.007514 0.107465 0.046106
0.895060 0.004938 0.052010 0.004749 0.027837 0.015406
0.442540 0.039314 0.166230 0.024784 0.219333 0.107799
0.066791 0.012254 0.540644 0.037579 0.190197 0.152534
0.942405 0.011825 0.008047 0.001529 0.029197 0.006998
0.942405 0.011825 0.008047 0.001529 0.029197 0.006998
0.525468 0.015842 0.098346 0.007271 0.132863 0.220210
0.316614 0.010456 0.079382 0.030890 0.498654 0.064005
0.001568 0.119892 0.006198 0.860297 0.003632 0.008413
0.880103 0.094471 0.006916 0.000259 0.000892 0.017359
0.880103 0.094471 0.006916 0.000259 0.000892 0.017359
0.804046 0.052203 0.006965 0.028434 0.071858 0.036494
0.000865 0.005473 0.000055 0.976003 0.016504 0.001100
0.300995 0.023138 0.078482 0.026531 0.022957 0.547897
0.282555 0.060925 0.016293 0.506404 0.106937 0.026886
0.862793 0.034291 0.021837 0.000533 0.010236 0.070309
0.000139 0.001134 0.013335 0.935063 0.034955 0.015375
0.000425 0.001348 0.035776 0.823756 0.104462 0.034233
0.429183 0.553565 0.006072 0.001489 0.002292 0.007399
0.429183 0.553565 0.006072 0.001489 0.002292 0.007399
0.385735 0.015888 0.031733 0.006425 0.268804 0.291415
0.385735 0.015888 0.031733 0.006425 0.268804 0.291415
0.649309 0.012837 0.025834 0.014766 0.018819 0.278434
0.649309 0.012837 0.025834 0.014766 0.018819 0.278434
0.590331 0.048266 0.013836 0.053500 0.047059 0.247008
0.590331 0.048266 0.013836 0.053500 0.047059 0.247008
0.976122 0.017576 0.001679 0.000388 0.003776 0.000459
0.917400 0.054082 0.001241 0.002800 0.023918 0.000559
0.376478 0.060053 0.129943 0.147154 0.163030 0.123342
0.227551 0.053168 0.299853 0.111388 0.189177 0.118863
0.621449 0.361362 0.007145 0.000746 0.008772 0.000526
