0.184208 0.028842 0.004848 0.013214 0.282141 0.486748
0.184208 0.028842 0.004848 0.013214 0.282141 0.486748
0.671756 0.030643 0.006096 0.029040 0.156504 0.105961
0.511517 0.028592 0.009375 0.022515 0.168213 0.259788
0.772275 0.011879 0.006798 0.051038 0.109655 0.048355
0.805069 0.023453 0.006743 0.037902 0.078983 0.047851
0.670856 0.036151 0.015240 0.026397 0.117837 0.133520
0.762816 0.029900 0.011072 0.143553 0.039090 0.013569
0.542758 0.037345 0.011980 0.021629 0.204262 0.182026
0.542758 0.037345 0.011980 0.021629 0.204262 0.182026
0.430302 0.027341 0.355518 0.033742 0.065826 0.087271
0.329928 0.027135 0.501405 0.062201 0.030177 0.049153
0.488146 0.020602 0.257869 0.074389 0.093680 0.065314
0.206239 0.025121 0.060735 0.020100 0.122622 0.565182
0.688036 0.026699 0.026855 0.045437 0.139368 0.073604
0.741090 0.023258 0.025816 0.160222 0.034935 0.014679
0.303866 0.011679 0.013840 0.031983 0.386867 0.251766
0.303866 0.011679 0.013840 0.031983 0.386867 0.251766
0.669178 0.032339 0.060580 0.050101 0.102051 0.085751
0.669178 0.032339 0.060580 0.050101 0.102051 0.085751
0.784370 0.034516 0.006742 0.132134 0.028795 0.013442
0.736183 0.046592 0.009998 0.092182 0.049284 0.065761
0.691953 0.026184 0.009457 0.040831 0.088694 0.142880
0.691953 0.026184 0.009457 0.040831 0.088694 0.142880
0.841564 0.019371 0.006681 0.029839 0.052006 0.050539
0.430670 0.029441 0.014089 0.017269 0.151114 0.357417
0.781849 0.027661 0.016231 0.064053 0.067069 0.043137
0.186512 0.032620 0.013924 0.013864 0.255868 0.497211
0.813032 0.038238 0.012568 0.077177 0.026227 0.032757
0.813032 0.038238 0.012568 0.077177 0.026227 0.032757
0.771279 0.045463 0.020927 0.083601 0.035753 0.042978
0.771279 0.045463 0.020927 0.083601 0.035753 0.042978
0.805069 0.023453 0.006743 0.037902 0.078983 0.047851
0.805069 0.023453 0.006743 0.037902 0.078983 0.047851
0.762816 0.029900 0.011072 0.143553 0.039090 0.013569
0.762816 0.029900 0.011072 0.143553 0.039090 0.013569
0.743006 0.039085 0.007537 0.060233 0.091895 0.058244
0.208232 0.026307 0.003001 0.014364 0.611331 0.136765
0.643906 0.063786 0.015226 0.032461 0.108224 0.136397
0.168008 0.136020 0.023898 0.016695 0.048243 0.607136
0.802196 0.023523 0.011328 0.047680 0.088103 0.027169
0.785813 0.028440 0.014921 0.079012 0.050177 0.041636
0.535185 0.069475 0.014154 0.028424 0.096992 0.255769
0.752302 0.065619 0.022343 0.061542 0.035117 0.063078
0.623028 0.117565 0.024472 0.024356 0.072613 0.137966
0.193820 0.032157 0.005651 0.009618 0.329691 0.429063
0.302374 0.164683 0.012549 0.016986 0.092683 0.410726
0.302374 0.164683 0.012549 0.016986 0.092683 0.410726
0.081817 0.046755 0.007281 0.007535 0.061541 0.795071
0.081817 0.046755 0.007281 0.007535 0.061541 0.795071
0.560555 0.162047 0.018653 0.108290 0.044030 0.106426
0.560555 0.162047 0.018653 0.108290 0.044030 0.106426
0.548665 0.100655 0.029683 0.050945 0.081313 0.188738
0.548665 0.100655 0.029683 0.050945 0.081313 0.188738
0.562970 0.279870 0.021679 0.031187 0.037274 0.067020
0.146674 0.108006 0.005959 0.010329 0.114265 0.614767
0.146674 0.108006 0.005959 0.010329 0.114265 0.614767
0.202655 0.033756 0.027472 0.018054 0.158256 0.559807
0.895222 0.020652 0.009596 0.026523 0.024146 0.023862
0.895222 0.020652 0.009596 0.026523 0.024146 0.023862
0.705705 0.036348 0.013300 0.179241 0.032874 0.032532
0.163853 0.023092 0.005927 0.010920 0.633268 0.162941
0.632562 0.060732 0.012339 0.034740 0.106867 0.152760
0.632562 0.060732 0.012339 0.034740 0.106867 0.152760
0.529570 0.134956 0.022197 0.030912 0.080902 0.201462
0.181860 0.064094 0.008537 0.008668 0.304090 0.432753
0.736261 0.014602 0.017340 0.034824 0.089022 0.107951
0.666721 0.022560 0.013821 0.033147 0.125130 0.138621
0.717448 0.013534 0.030063 0.052685 0.096164 0.090106
0.484475 0.012312 0.025606 0.434501 0.024570 0.018536
0.642261 0.022272 0.094031 0.092650 0.079758 0.069028
0.642261 0.022272 0.094031 0.092650 0.079758 0.069028
0.670062 0.013828 0.039378 0.030562 0.135442 0.110728
0.670062 0.013828 0.039378 0.030562 0.135442 0.110728
0.566872 0.014066 0.047302 0.029679 0.230042 0.112038
0.785810 0.021616 0.024991 0.029069 0.045646 0.092869
0.521088 0.110140 0.017673 0.021428 0.082886 0.246785
0.015292 0.969082 0.002154 0.006267 0.002160 0.005045
0.578210 0.072474 0.056352 0.025308 0.051035 0.216621
0.015020 0.963007 0.003780 0.006861 0.002060 0.009273
0.659216 0.081645 0.035443 0.044992 0.040598 0.138106
0.015472 0.957609 0.003417 0.005580 0.002732 0.015189
0.044641 0.024660 0.004391 0.003081 0.032458 0.890770
0.044641 0.024660 0.004391 0.003081 0.032458 0.890770
0.780603 0.014475 0.024032 0.079059 0.064446 0.037385
0.780603 0.014475 0.024032 0.079059 0.064446 0.037385
0.699194 0.025251 0.033876 0.045285 0.113089 0.083305
0.489895 0.071835 0.028750 0.050682 0.158670 0.200167
0.735616 0.043668 0.017890 0.051969 0.056697 0.094161
0.735616 0.043668 0.017890 0.051969 0.056697 0.094161
0.660035 0.017533 0.017697 0.026514 0.164265 0.113956
0.191046 0.023563 0.009524 0.010164 0.098159 0.667543
0.269402 0.010181 0.005326 0.013949 0.491245 0.209897
0.269402 0.010181 0.005326 0.013949 0.491245 0.209897
0.699905 0.034469 0.011896 0.032460 0.146050 0.075219
0.767424 0.033464 0.008371 0.066004 0.075498 0.049239
0.692351 0.032568 0.021054 0.068886 0.116649 0.068493
0.692351 0.032568 0.021054 0.068886 0.116649 0.068493
0.629441 0.102699 0.015257 0.182106 0.047552 0.022946
0.394048 0.202272 0.054010 0.050629 0.128050 0.170992
0.695135 0.029322 0.012986 0.078092 0.105906 0.078560
0.089992 0.022064 0.007728 0.016004 0.643957 0.220255
0.685132 0.115292 0.011699 0.064801 0.082318 0.040758
0.685132 0.115292 0.011699 0.064801 0.082318 0.040758
0.208185 0.014732 0.003507 0.022101 0.652704 0.098770
0.697248 0.018600 0.020255 0.035739 0.069001 0.159157
0.697248 0.018600 0.020255 0.035739 0.069001 0.159157
0.049830 0.021393 0.004725 0.002972 0.037906 0.883174
0.049830 0.021393 0.004725 0.002972 0.037906 0.883174
0.288723 0.087318 0.137683 0.032504 0.077496 0.376277
0.440594 0.122573 0.188205 0.148297 0.054716 0.045614
0.302673 0.039004 0.513590 0.050333 0.029250 0.065150
0.302673 0.039004 0.513590 0.050333 0.029250 0.065150
0.473895 0.084589 0.153956 0.081594 0.089219 0.116747
0.473895 0.084589 0.153956 0.081594 0.089219 0.116747
0.065018 0.053530 0.008204 0.005842 0.053279 0.814127
0.768546 0.039695 0.053876 0.060835 0.046477 0.030572
0.335935 0.174365 0.017314 0.018405 0.070438 0.383543
0.049710 0.038432 0.009268 0.003814 0.091143 0.807632
0.049710 0.038432 0.009268 0.003814 0.091143 0.807632
0.352723 0.366753 0.077709 0.085230 0.033665 0.083920
0.352723 0.366753 0.077709 0.085230 0.033665 0.083920
0.438644 0.298048 0.054164 0.029905 0.039464 0.139774
0.438644 0.298048 0.054164 0.029905 0.039464 0.139774
0.568900 0.124144 0.046829 0.134104 0.037976 0.088047
0.568900 0.124144 0.046829 0.134104 0.037976 0.088047
0.520738 0.059355 0.084236 0.036037 0.086651 0.212983
0.493703 0.254404 0.094993 0.069270 0.030060 0.057570
0.215742 0.037428 0.333600 0.024826 0.116737 0.271668
0.292626 0.006594 0.009814 0.664024 0.022020 0.004923
0.352014 0.182077 0.069045 0.038627 0.050614 0.307623
0.034738 0.921331 0.003778 0.005812 0.005392 0.028948
0.615457 0.037782 0.090136 0.074689 0.075035 0.106901
0.645030 0.028281 0.049710 0.122550 0.109837 0.044592
0.249859 0.061623 0.030824 0.030080 0.385155 0.242458
0.249859 0.061623 0.030824 0.030080 0.385155 0.242458
0.378256 0.076755 0.037708 0.019845 0.227320 0.260117
0.740311 0.006029 0.022796 0.097469 0.117110 0.016284
0.675794 0.041493 0.071764 0.051697 0.076146 0.083106
0.620665 0.055242 0.045929 0.044209 0.151052 0.082903
0.445667 0.019891 0.044586 0.461349 0.021242 0.007265
0.445667 0.019891 0.044586 0.461349 0.021242 0.007265
0.624095 0.023311 0.093650 0.140549 0.085020 0.033375
0.624095 0.023311 0.093650 0.140549 0.085020 0.033375
0.403730 0.037619 0.359420 0.086674 0.059929 0.052628
0.403730 0.037619 0.359420 0.086674 0.059929 0.052628
0.373828 0.199809 0.143638 0.051114 0.060324 0.171286
0.276156 0.011564 0.559167 0.083423 0.040888 0.028801
0.500712 0.034578 0.095068 0.058151 0.192222 0.119269
0.478187 0.017862 0.029678 0.086010 0.285599 0.102664
0.026701 0.029788 0.012416 0.002154 0.043989 0.884952
0.057510 0.015279 0.007340 0.006285 0.511138 0.402449
0.162835 0.105175 0.035061 0.016200 0.368966 0.311764
0.077294 0.014738 0.013328 0.010834 0.616851 0.266955
0.428730 0.109760 0.152726 0.089636 0.052891 0.166258
0.428730 0.109760 0.152726 0.089636 0.052891 0.166258
0.351618 0.015908 0.025210 0.036329 0.443395 0.127540
0.246716 0.007744 0.589062 0.026454 0.077062 0.052961
0.560579 0.087432 0.083852 0.121924 0.076231 0.069983
0.560579 0.087432 0.083852 0.121924 0.076231 0.069983
0.309376 0.057054 0.152959 0.021993 0.095162 0.363458
0.414312 0.056603 0.219197 0.058664 0.103695 0.147529
0.474141 0.005069 0.047028 0.341741 0.116651 0.015369
0.604685 0.030503 0.026457 0.101350 0.155632 0.081373
0.210354 0.023457 0.086281 0.016827 0.297072 0.366009
0.318064 0.105397 0.160820 0.022025 0.066150 0.327544
0.270225 0.504213 0.023463 0.134208 0.043078 0.024813
0.260593 0.003809 0.084592 0.048122 0.553608 0.049275
0.426592 0.069427 0.102418 0.029932 0.147873 0.223759
0.034243 0.002831 0.002745 0.003436 0.899135 0.057609
0.345075 0.060310 0.101090 0.032053 0.203795 0.257676
0.115285 0.013820 0.009655 0.016211 0.662259 0.182770
0.635629 0.062388 0.095094 0.063097 0.060516 0.083277
0.200292 0.005460 0.013691 0.039115 0.703634 0.037808
0.568832 0.067099 0.062452 0.037048 0.093922 0.170648
0.177662 0.009684 0.023135 0.014756 0.488945 0.285818
0.491150 0.034442 0.064033 0.078647 0.213664 0.118063
0.125653 0.006118 0.051186 0.022749 0.703769 0.090526
0.379356 0.108962 0.062904 0.044578 0.173732 0.230468
0.136673 0.009324 0.011125 0.010116 0.621061 0.211701
0.123926 0.029323 0.009827 0.019245 0.260788 0.556891
0.123926 0.029323 0.009827 0.019245 0.260788 0.556891
0.643518 0.087896 0.035225 0.142433 0.055202 0.035726
0.643518 0.087896 0.035225 0.142433 0.055202 0.035726
0.760825 0.086192 0.011427 0.070074 0.028977 0.042506
0.760825 0.086192 0.011427 0.070074 0.028977 0.042506
0.568795 0.196108 0.041230 0.105008 0.045995 0.042864
0.768589 0.006303 0.015549 0.082891 0.113996 0.012672
0.699914 0.005446 0.024819 0.060304 0.188192 0.021324
0.271594 0.037159 0.476926 0.036121 0.040682 0.137518
0.151983 0.007012 0.013200 0.019151 0.771255 0.037399
0.329003 0.054950 0.416119 0.045773 0.036470 0.117685
0.329003 0.054950 0.416119 0.045773 0.036470 0.117685
0.297780 0.032223 0.505256 0.042116 0.031845 0.090779
0.297780 0.032223 0.505256 0.042116 0.031845 0.090779
0.196010 0.070031 0.662302 0.034296 0.012233 0.025128
0.459545 0.030273 0.248774 0.143999 0.046694 0.070715
0.459545 0.030273 0.248774 0.143999 0.046694 0.070715
0.370781 0.041047 0.136710 0.077589 0.104132 0.269741
0.081558 0.009598 0.037740 0.008957 0.391388 0.470757
0.614802 0.034254 0.089772 0.178764 0.033487 0.048919
0.614802 0.034254 0.089772 0.178764 0.033487 0.048919
0.491662 0.034993 0.086629 0.051125 0.104863 0.230729
0.141739 0.014861 0.011928 0.013275 0.441580 0.376618
0.364194 0.009375 0.128867 0.106860 0.328594 0.062112
0.339913 0.121774 0.034876 0.029920 0.092870 0.380646
0.309583 0.015578 0.240928 0.036117 0.267517 0.130277
0.623218 0.118963 0.043125 0.120341 0.034955 0.059397
0.280722 0.009866 0.555086 0.039749 0.080872 0.033705
0.298598 0.114965 0.047709 0.026771 0.050724 0.461233
0.603677 0.039805 0.031859 0.025973 0.171200 0.127487
0.060194 0.012635 0.010060 0.005900 0.636644 0.274567
0.413266 0.197479 0.101553 0.041118 0.073031 0.173553
0.051328 0.017385 0.013320 0.004016 0.502783 0.411167
0.420483 0.189153 0.062092 0.030959 0.048872 0.248441
0.418021 0.051517 0.036107 0.022869 0.228838 0.242647
0.677292 0.054448 0.015062 0.042014 0.061700 0.149484
0.027277 0.005109 0.007997 0.002442 0.507408 0.449768
0.693118 0.041099 0.019648 0.057369 0.051648 0.137117
0.280289 0.008995 0.035024 0.027082 0.552882 0.095728
0.333899 0.021414 0.013934 0.025129 0.424752 0.180873
0.333899 0.021414 0.013934 0.025129 0.424752 0.180873
0.279346 0.190434 0.057937 0.022664 0.040666 0.408952
0.477800 0.074670 0.058982 0.038900 0.135053 0.214596
0.390463 0.123077 0.031450 0.022788 0.059134 0.373088
0.178081 0.030267 0.016305 0.005096 0.110597 0.659653
0.242722 0.089963 0.026543 0.017191 0.061507 0.562074
0.552207 0.024212 0.039665 0.072472 0.209629 0.101815
0.068026 0.062892 0.025242 0.007702 0.072268 0.763870
0.068026 0.062892 0.025242 0.007702 0.072268 0.763870
0.375183 0.180623 0.037954 0.035591 0.077145 0.293505
0.367175 0.053192 0.035321 0.021282 0.371946 0.151084
0.451753 0.162623 0.053414 0.124632 0.053060 0.154518
0.431119 0.017254 0.094739 0.084368 0.269063 0.103457
0.205656 0.039723 0.012059 0.019968 0.199323 0.523272
0.205656 0.039723 0.012059 0.019968 0.199323 0.523272
0.496084 0.154258 0.079454 0.157850 0.041250 0.071103
0.496084 0.154258 0.079454 0.157850 0.041250 0.071103
0.542399 0.161961 0.045386 0.152663 0.041035 0.056557
0.217512 0.008539 0.015930 0.041432 0.620260 0.096327
0.142574 0.010745 0.017985 0.009726 0.382565 0.436407
0.432932 0.127878 0.068924 0.051240 0.076985 0.242041
0.192471 0.014953 0.009993 0.011588 0.494854 0.276141
0.155852 0.061227 0.013201 0.010800 0.185256 0.573664
0.155852 0.061227 0.013201 0.010800 0.185256 0.573664
0.430473 0.009221 0.028771 0.142013 0.366437 0.023084
0.117753 0.070105 0.014686 0.009465 0.161676 0.626315
0.117753 0.070105 0.014686 0.009465 0.161676 0.626315
0.543110 0.059577 0.053577 0.035419 0.103459 0.204859
0.279758 0.005050 0.029438 0.038447 0.608736 0.038570
0.562020 0.111281 0.076914 0.059309 0.033047 0.157428
0.214247 0.515899 0.016796 0.033360 0.113740 0.105957
0.548176 0.254514 0.031587 0.071411 0.029249 0.065063
0.548176 0.254514 0.031587 0.071411 0.029249 0.065063
0.566449 0.068735 0.033053 0.047742 0.083831 0.200190
0.039641 0.007455 0.008433 0.003253 0.320228 0.620990
0.227998 0.006317 0.034792 0.047356 0.640985 0.042551
0.493314 0.172653 0.043264 0.046768 0.086956 0.157045
0.085043 0.006142 0.009835 0.007881 0.731356 0.159744
0.129883 0.067340 0.038083 0.012993 0.125782 0.625918
0.092500 0.017454 0.012143 0.013820 0.747860 0.116224
0.589837 0.123458 0.022088 0.097791 0.091386 0.075441
0.382929 0.017528 0.008869 0.038129 0.488577 0.063969
0.066849 0.041329 0.010219 0.009649 0.136026 0.735929
0.435538 0.027079 0.037177 0.062033 0.311947 0.126226
0.404653 0.092955 0.038581 0.052089 0.127015 0.284707
0.371433 0.030643 0.027470 0.084545 0.424252 0.061657
0.396677 0.129297 0.071577 0.026011 0.057160 0.319278
0.396677 0.129297 0.071577 0.026011 0.057160 0.319278
0.295294 0.019444 0.540956 0.098117 0.019810 0.026379
0.663834 0.019919 0.051302 0.214930 0.034678 0.015336
0.036721 0.004316 0.934412 0.009936 0.005158 0.009458
0.122117 0.019123 0.790741 0.013448 0.017057 0.037514
0.059495 0.015767 0.720119 0.011857 0.034333 0.158429
0.057686 0.012805 0.876893 0.014319 0.010014 0.028284
0.128710 0.049831 0.646817 0.024622 0.030503 0.119516
0.078775 0.031783 0.827736 0.026921 0.013048 0.021737
0.078775 0.031783 0.827736 0.026921 0.013048 0.021737
0.047303 0.013623 0.900935 0.007984 0.009088 0.021067
0.047303 0.013623 0.900935 0.007984 0.009088 0.021067
0.423880 0.065511 0.266391 0.036020 0.059737 0.148461
0.423880 0.065511 0.266391 0.036020 0.059737 0.148461
0.217790 0.043072 0.401037 0.028395 0.049441 0.260265
0.120022 0.071973 0.070374 0.012682 0.155590 0.569358
0.275044 0.099391 0.373007 0.031436 0.050105 0.171016
0.332413 0.015924 0.488399 0.121506 0.020304 0.021455
0.455599 0.030637 0.311313 0.155626 0.025896 0.020929
0.455599 0.030637 0.311313 0.155626 0.025896 0.020929
0.298237 0.044919 0.509428 0.039918 0.029512 0.077986
0.463777 0.010334 0.357841 0.051360 0.080887 0.035801
0.414090 0.044763 0.348814 0.082731 0.038074 0.071527
0.190681 0.021975 0.034102 0.013796 0.400598 0.338848
0.224252 0.030388 0.632180 0.060388 0.019115 0.033678
0.309178 0.052019 0.519122 0.065168 0.018875 0.035638
0.121486 0.051528 0.164870 0.015689 0.074562 0.571865
0.121486 0.051528 0.164870 0.015689 0.074562 0.571865
0.391232 0.028218 0.361138 0.138453 0.040771 0.040189
0.453803 0.038777 0.024231 0.053143 0.201933 0.228112
0.208349 0.069646 0.577561 0.023910 0.040673 0.079861
0.208349 0.069646 0.577561 0.023910 0.040673 0.079861
0.316894 0.085205 0.435590 0.046050 0.028888 0.087372
0.316894 0.085205 0.435590 0.046050 0.028888 0.087372
0.073571 0.053858 0.156393 0.006047 0.054621 0.655511
0.073571 0.053858 0.156393 0.006047 0.054621 0.655511
0.359890 0.229321 0.162289 0.056635 0.035452 0.156413
0.275881 0.043793 0.067627 0.017790 0.089639 0.505270
0.373654 0.093988 0.258653 0.080385 0.052321 0.140999
0.675339 0.017599 0.034129 0.050972 0.122820 0.099141
0.246824 0.090085 0.404940 0.029650 0.042568 0.185932
0.246824 0.090085 0.404940 0.029650 0.042568 0.185932
0.285382 0.069413 0.473394 0.100614 0.018650 0.052547
0.325920 0.029182 0.431377 0.045939 0.061166 0.106417
0.330450 0.174056 0.263613 0.073072 0.026359 0.132449
0.330450 0.174056 0.263613 0.073072 0.026359 0.132449
0.371826 0.061131 0.220261 0.061291 0.068205 0.217287
0.687546 0.014581 0.039182 0.097717 0.083021 0.077954
0.093124 0.093247 0.276378 0.010488 0.064546 0.462216
0.093124 0.093247 0.276378 0.010488 0.064546 0.462216
0.209733 0.025764 0.656468 0.028885 0.021349 0.057803
0.209733 0.025764 0.656468 0.028885 0.021349 0.057803
0.042593 0.008340 0.918544 0.012768 0.007725 0.010030
0.308133 0.003495 0.059066 0.600811 0.023380 0.005116
0.118173 0.011336 0.688918 0.019363 0.050147 0.112063
0.311630 0.007948 0.026405 0.640308 0.010268 0.003441
0.236401 0.028113 0.619131 0.040378 0.029291 0.046686
0.686969 0.020936 0.060084 0.194777 0.022317 0.014916
0.278405 0.091888 0.449336 0.043362 0.027015 0.109995
0.278405 0.091888 0.449336 0.043362 0.027015 0.109995
0.063162 0.047722 0.082587 0.005883 0.039125 0.761521
0.074170 0.858879 0.013557 0.032486 0.007167 0.013741
0.356366 0.024733 0.451684 0.037430 0.051385 0.078402
0.767549 0.017254 0.050362 0.081560 0.059729 0.023545
0.448314 0.036584 0.351935 0.084464 0.028367 0.050336
0.448314 0.036584 0.351935 0.084464 0.028367 0.050336
0.216369 0.029891 0.579180 0.041204 0.046183 0.087173
0.216369 0.029891 0.579180 0.041204 0.046183 0.087173
0.481550 0.092185 0.293832 0.048588 0.025653 0.058193
0.641468 0.019199 0.081836 0.195052 0.045019 0.017425
0.287050 0.029232 0.527875 0.050759 0.045260 0.059824
0.706085 0.009800 0.024302 0.223192 0.025755 0.010866
0.165909 0.053069 0.165123 0.019870 0.080741 0.515288
0.587937 0.014281 0.070605 0.236361 0.069157 0.021660
0.210223 0.065107 0.216963 0.029667 0.134201 0.343839
0.210223 0.065107 0.216963 0.029667 0.134201 0.343839
0.338502 0.051923 0.378472 0.167039 0.038951 0.025112
0.679194 0.034824 0.042377 0.150119 0.060268 0.033217
0.448458 0.025430 0.334453 0.052710 0.059620 0.079329
0.709164 0.017566 0.075297 0.088759 0.069305 0.039910
0.181393 0.044837 0.566395 0.020627 0.024156 0.162592
0.232425 0.038481 0.133457 0.026130 0.170208 0.399299
0.268456 0.100297 0.387590 0.021922 0.028152 0.193584
0.268456 0.100297 0.387590 0.021922 0.028152 0.193584
0.657166 0.017902 0.010856 0.239195 0.058638 0.016242
0.763713 0.052531 0.065315 0.049692 0.033829 0.034921
0.623574 0.043172 0.053513 0.182589 0.064479 0.032674
0.377763 0.204832 0.025607 0.099084 0.088907 0.203808
0.651013 0.051954 0.024674 0.035287 0.087288 0.149784
0.776960 0.041040 0.016666 0.113260 0.027179 0.024895
0.290347 0.081638 0.189964 0.028191 0.072791 0.337069
0.290347 0.081638 0.189964 0.028191 0.072791 0.337069
0.505121 0.045465 0.214096 0.046970 0.058944 0.129404
0.505121 0.045465 0.214096 0.046970 0.058944 0.129404
0.366279 0.017841 0.138572 0.049038 0.225951 0.202319
0.366279 0.017841 0.138572 0.049038 0.225951 0.202319
0.288439 0.039272 0.257691 0.024114 0.207952 0.182532
0.130381 0.138779 0.010681 0.012623 0.221807 0.485729
0.495833 0.122246 0.158308 0.059365 0.083607 0.080641
0.495833 0.122246 0.158308 0.059365 0.083607 0.080641
0.237881 0.098747 0.015287 0.011460 0.085441 0.551183
0.759269 0.068360 0.028805 0.049625 0.046552 0.047388
0.561297 0.077783 0.050938 0.051184 0.123615 0.135184
0.561297 0.077783 0.050938 0.051184 0.123615 0.135184
0.615193 0.067456 0.056341 0.090614 0.109550 0.060846
0.582115 0.081958 0.031599 0.123425 0.111631 0.069271
0.694731 0.081786 0.034401 0.068808 0.068099 0.052174
0.129909 0.145823 0.008801 0.008491 0.051868 0.655108
0.405264 0.117669 0.032907 0.012857 0.129284 0.302019
0.405264 0.117669 0.032907 0.012857 0.129284 0.302019
0.250572 0.200437 0.048100 0.016748 0.143163 0.340979
0.475304 0.237174 0.041886 0.040967 0.045542 0.159127
0.344561 0.094864 0.055626 0.023036 0.100055 0.381859
0.196345 0.413952 0.094179 0.039109 0.039832 0.216583
0.612831 0.102725 0.032245 0.060398 0.072281 0.119519
0.343698 0.050132 0.024019 0.028171 0.129549 0.424432
0.424533 0.110048 0.029713 0.035043 0.166042 0.234621
0.196389 0.209579 0.032797 0.010371 0.062357 0.488507
0.744411 0.086652 0.032618 0.046342 0.044596 0.045382
0.040147 0.032135 0.005383 0.004078 0.065960 0.852298
0.236622 0.176951 0.073659 0.042396 0.078042 0.392331
0.061100 0.036481 0.007738 0.005909 0.093636 0.795137
0.015342 0.026123 0.006118 0.001583 0.049521 0.901313
0.237616 0.050441 0.024050 0.013958 0.078410 0.595525
0.156159 0.220157 0.049533 0.013639 0.041827 0.518685
0.420007 0.035667 0.050104 0.022342 0.140735 0.331145
0.133110 0.199226 0.017127 0.011490 0.102939 0.536108
0.507614 0.051240 0.024701 0.020310 0.104849 0.291286
0.093671 0.031822 0.005603 0.007318 0.482519 0.379067
0.520844 0.056585 0.185042 0.048005 0.077936 0.111588
0.435033 0.020232 0.011493 0.375077 0.137693 0.020472
0.369005 0.018429 0.109109 0.027344 0.271746 0.204366
0.280079 0.007786 0.026652 0.674845 0.007265 0.003374
0.270002 0.027275 0.119589 0.020541 0.184770 0.377824
0.241379 0.024943 0.027632 0.674752 0.020381 0.010913
0.400121 0.040571 0.019143 0.019225 0.186467 0.334473
0.311006 0.137582 0.017725 0.026568 0.126438 0.380682
0.642418 0.040168 0.049489 0.075669 0.103975 0.088282
0.296880 0.348114 0.041429 0.030923 0.041778 0.240877
0.583685 0.083940 0.029672 0.048010 0.069388 0.185306
0.025422 0.746816 0.005098 0.005031 0.018625 0.199008
0.053726 0.030372 0.005256 0.002360 0.059495 0.848791
0.053726 0.030372 0.005256 0.002360 0.059495 0.848791
0.011541 0.863288 0.002941 0.001806 0.006077 0.114347
0.063361 0.856775 0.005317 0.056646 0.006478 0.011422
0.279920 0.093282 0.032686 0.014462 0.109377 0.470272
0.031225 0.895402 0.003366 0.006558 0.011762 0.051687
0.494455 0.056675 0.028661 0.030796 0.187702 0.201712
0.494455 0.056675 0.028661 0.030796 0.187702 0.201712
0.713545 0.040670 0.023066 0.117732 0.065383 0.039604
0.065460 0.014355 0.007627 0.007813 0.631689 0.273056
0.081521 0.024669 0.025005 0.005606 0.279326 0.583873
0.686750 0.057840 0.017302 0.170323 0.045515 0.022270
0.686750 0.057840 0.017302 0.170323 0.045515 0.022270
0.121265 0.111041 0.018290 0.003957 0.082620 0.662826
0.710852 0.048203 0.027203 0.102759 0.078129 0.032854
0.710852 0.048203 0.027203 0.102759 0.078129 0.032854
0.641377 0.044206 0.046244 0.119981 0.103468 0.044723
0.641377 0.044206 0.046244 0.119981 0.103468 0.044723
0.534191 0.037926 0.051806 0.349370 0.018983 0.007723
0.730717 0.060080 0.026612 0.055459 0.054040 0.073092
0.730717 0.060080 0.026612 0.055459 0.054040 0.073092
0.523587 0.159036 0.064775 0.031937 0.050196 0.170468
0.523587 0.159036 0.064775 0.031937 0.050196 0.170468
0.291805 0.065753 0.422391 0.047553 0.033127 0.139372
0.291805 0.065753 0.422391 0.047553 0.033127 0.139372
0.055108 0.029498 0.034886 0.007312 0.091858 0.781338
0.055108 0.029498 0.034886 0.007312 0.091858 0.781338
0.447648 0.097950 0.064561 0.054970 0.087632 0.247240
0.022654 0.002678 0.952316 0.011592 0.004192 0.006568
0.461573 0.058633 0.023462 0.045015 0.105591 0.305727
0.263302 0.010504 0.555267 0.092646 0.042202 0.036078
0.186061 0.074759 0.013914 0.013445 0.273900 0.437921
0.186061 0.074759 0.013914 0.013445 0.273900 0.437921
0.067540 0.024660 0.005263 0.006193 0.231993 0.664352
0.078423 0.015655 0.010309 0.012627 0.716966 0.166020
0.270496 0.260044 0.046349 0.017439 0.036629 0.369043
0.270496 0.260044 0.046349 0.017439 0.036629 0.369043
0.124713 0.039151 0.057394 0.007248 0.087344 0.684149
0.335580 0.161550 0.119431 0.063026 0.125659 0.194753
0.100824 0.030550 0.770904 0.025873 0.015050 0.056800
0.145827 0.151957 0.037297 0.010762 0.035403 0.618755
0.030120 0.735864 0.011850 0.005584 0.024297 0.192284
0.668866 0.055520 0.038792 0.138884 0.041444 0.056494
0.488308 0.014754 0.013051 0.374227 0.098647 0.011013
0.366372 0.064585 0.116168 0.056987 0.160288 0.235600
0.457103 0.012967 0.139750 0.066045 0.220373 0.103762
0.677041 0.037464 0.024055 0.067523 0.079784 0.114133
0.230932 0.008667 0.140585 0.031049 0.363047 0.225719
0.456252 0.042763 0.073103 0.042208 0.097952 0.287723
0.321585 0.017100 0.108479 0.028693 0.357857 0.166285
0.176631 0.054054 0.032643 0.033239 0.500828 0.202605
0.252921 0.035845 0.496644 0.071943 0.070802 0.071844
0.579098 0.106530 0.048635 0.059747 0.075382 0.130609
0.491360 0.020917 0.030465 0.037153 0.226536 0.193569
0.512102 0.159378 0.059692 0.132380 0.055954 0.080494
0.275657 0.031615 0.034916 0.058552 0.475609 0.123650
0.392018 0.040022 0.018156 0.027808 0.184861 0.337135
0.196175 0.029432 0.016881 0.018778 0.141107 0.597628
0.609011 0.070993 0.066615 0.050075 0.057746 0.145560
0.609011 0.070993 0.066615 0.050075 0.057746 0.145560
0.267309 0.041013 0.019958 0.022491 0.081601 0.567628
0.026937 0.011635 0.006840 0.002582 0.059579 0.892427
0.338988 0.047748 0.020997 0.023390 0.124451 0.444424
0.581955 0.105512 0.023867 0.045293 0.089388 0.153985
0.122141 0.055125 0.556373 0.015082 0.055723 0.195556
0.177238 0.074362 0.634186 0.038033 0.034003 0.042178
0.327143 0.096473 0.343380 0.047104 0.041461 0.144440
0.327143 0.096473 0.343380 0.047104 0.041461 0.144440
0.262572 0.032924 0.380711 0.030936 0.064549 0.228308
0.262572 0.032924 0.380711 0.030936 0.064549 0.228308
0.078448 0.092108 0.006535 0.005753 0.081768 0.735388
0.078448 0.092108 0.006535 0.005753 0.081768 0.735388
0.409332 0.158496 0.037796 0.042303 0.075073 0.277000
0.287478 0.162359 0.050848 0.021549 0.066641 0.411126
0.214646 0.051445 0.014174 0.011820 0.106587 0.601329
0.214646 0.051445 0.014174 0.011820 0.106587 0.601329
0.585030 0.164353 0.022352 0.075177 0.043225 0.109863
0.585030 0.164353 0.022352 0.075177 0.043225 0.109863
0.479782 0.094283 0.028337 0.030578 0.174486 0.192534
0.726398 0.037648 0.025301 0.110915 0.064892 0.034845
0.375613 0.051759 0.028295 0.022828 0.160761 0.360744
0.586711 0.038222 0.041784 0.055888 0.108942 0.168454
0.381606 0.148104 0.055142 0.032538 0.051279 0.331331
0.381606 0.148104 0.055142 0.032538 0.051279 0.331331
0.048385 0.031571 0.003027 0.003673 0.316804 0.596540
0.048385 0.031571 0.003027 0.003673 0.316804 0.596540
0.116832 0.022502 0.010845 0.008787 0.347988 0.493047
0.116832 0.022502 0.010845 0.008787 0.347988 0.493047
0.265575 0.046145 0.012884 0.018725 0.146426 0.510246
0.265575 0.046145 0.012884 0.018725 0.146426 0.510246
0.164033 0.058032 0.010586 0.010713 0.093006 0.663632
0.546463 0.180134 0.015228 0.069527 0.100942 0.087706
0.179291 0.091887 0.017685 0.011442 0.088928 0.610768
0.475320 0.109142 0.063910 0.126665 0.130110 0.094854
0.620740 0.073237 0.103438 0.070015 0.040560 0.092010
0.203583 0.265420 0.029611 0.008106 0.083553 0.409726
0.203583 0.265420 0.029611 0.008106 0.083553 0.409726
0.084056 0.069918 0.022253 0.007866 0.118743 0.697164
0.084056 0.069918 0.022253 0.007866 0.118743 0.697164
0.117730 0.177836 0.013287 0.009345 0.080487 0.601315
0.117730 0.177836 0.013287 0.009345 0.080487 0.601315
0.023083 0.022420 0.003622 0.001518 0.058528 0.890828
0.023083 0.022420 0.003622 0.001518 0.058528 0.890828
0.551286 0.093083 0.039077 0.072643 0.095216 0.148695
0.155428 0.107223 0.014768 0.007516 0.055308 0.659756
0.074957 0.015525 0.003839 0.004557 0.212963 0.688159
0.074957 0.015525 0.003839 0.004557 0.212963 0.688159
0.576778 0.070793 0.048181 0.104504 0.069202 0.130542
0.048348 0.016092 0.004626 0.004100 0.295704 0.631129
0.436843 0.157270 0.023741 0.040823 0.066689 0.274634
0.436843 0.157270 0.023741 0.040823 0.066689 0.274634
0.160046 0.047688 0.044799 0.012178 0.121867 0.613422
0.160046 0.047688 0.044799 0.012178 0.121867 0.613422
0.270304 0.019162 0.055090 0.018323 0.096674 0.540446
0.405530 0.022707 0.141234 0.197647 0.085958 0.146925
0.040452 0.010656 0.014273 0.003517 0.220755 0.710347
0.040452 0.010656 0.014273 0.003517 0.220755 0.710347
0.265443 0.030521 0.047892 0.020336 0.172193 0.463616
0.420076 0.078155 0.150099 0.146557 0.053777 0.151336
0.071849 0.036879 0.011920 0.009291 0.120470 0.749592
0.071849 0.036879 0.011920 0.009291 0.120470 0.749592
0.190814 0.211539 0.055005 0.011983 0.035156 0.495504
0.190814 0.211539 0.055005 0.011983 0.035156 0.495504
0.521795 0.120215 0.035825 0.044404 0.074932 0.202829
0.085622 0.803498 0.013047 0.031837 0.012290 0.053706
0.070149 0.074462 0.010452 0.002968 0.031528 0.810440
0.070149 0.074462 0.010452 0.002968 0.031528 0.810440
0.090403 0.763527 0.019478 0.024314 0.019295 0.082984
0.432951 0.166828 0.079961 0.040573 0.125715 0.153972
0.432951 0.166828 0.079961 0.040573 0.125715 0.153972
0.586027 0.084156 0.050366 0.066245 0.101855 0.111351
0.584748 0.076033 0.047987 0.109486 0.092433 0.089313
0.070211 0.034867 0.011562 0.008953 0.137589 0.736818
0.135063 0.029076 0.027893 0.011424 0.142781 0.653763
0.677794 0.095688 0.035249 0.063009 0.067497 0.060763
0.677794 0.095688 0.035249 0.063009 0.067497 0.060763
0.602890 0.069978 0.040943 0.082606 0.096161 0.107423
0.602890 0.069978 0.040943 0.082606 0.096161 0.107423
0.443612 0.038047 0.101965 0.035633 0.156468 0.224274
0.557011 0.060993 0.093663 0.090289 0.074860 0.123183
0.519784 0.095397 0.029466 0.029847 0.082685 0.242821
0.519784 0.095397 0.029466 0.029847 0.082685 0.242821
0.125411 0.014857 0.014516 0.017764 0.601199 0.226252
0.125411 0.014857 0.014516 0.017764 0.601199 0.226252
0.168008 0.136020 0.023898 0.016695 0.048243 0.607136
0.168008 0.136020 0.023898 0.016695 0.048243 0.607136
0.251205 0.072989 0.054773 0.023026 0.059093 0.538913
0.608191 0.065078 0.047262 0.058435 0.051969 0.169065
0.032540 0.063611 0.008757 0.002814 0.045142 0.847136
0.408121 0.246123 0.045429 0.052608 0.042807 0.204912
0.549760 0.119469 0.025697 0.052147 0.108862 0.144065
0.179802 0.042731 0.125835 0.015895 0.151629 0.484108
0.179802 0.042731 0.125835 0.015895 0.151629 0.484108
0.114929 0.055244 0.613312 0.019580 0.040831 0.156103
0.114929 0.055244 0.613312 0.019580 0.040831 0.156103
0.060248 0.046878 0.269292 0.008892 0.055091 0.559600
0.060248 0.046878 0.269292 0.008892 0.055091 0.559600
0.464088 0.037858 0.066990 0.056845 0.126537 0.247682
0.496761 0.123103 0.024292 0.077393 0.082205 0.196246
0.505749 0.057918 0.144851 0.060253 0.082369 0.148860
0.505749 0.057918 0.144851 0.060253 0.082369 0.148860
0.440355 0.030567 0.089682 0.051077 0.089329 0.298991
0.566009 0.099371 0.054715 0.138056 0.044538 0.097311
0.583010 0.047386 0.147557 0.075860 0.045841 0.100346
0.583010 0.047386 0.147557 0.075860 0.045841 0.100346
0.301873 0.086270 0.400607 0.053879 0.058524 0.098846
0.257372 0.411152 0.054454 0.045573 0.026912 0.204537
0.417252 0.295880 0.111783 0.032852 0.037422 0.104810
0.100958 0.038688 0.789672 0.023300 0.014613 0.032769
0.615247 0.102092 0.042777 0.083807 0.068141 0.087936
0.615247 0.102092 0.042777 0.083807 0.068141 0.087936
0.036574 0.031402 0.073898 0.002995 0.034329 0.820801
0.198062 0.057542 0.052024 0.016218 0.082835 0.593319
0.198062 0.057542 0.052024 0.016218 0.082835 0.593319
0.065916 0.090364 0.013965 0.005628 0.083524 0.740604
0.235090 0.539027 0.040397 0.051808 0.029620 0.104058
0.431749 0.094272 0.038411 0.026362 0.065452 0.343754
0.029944 0.026490 0.006939 0.002825 0.030787 0.903015
0.098236 0.043461 0.009395 0.009061 0.297571 0.542277
0.026629 0.082719 0.007849 0.002293 0.030378 0.850131
0.454043 0.190532 0.140611 0.048519 0.062621 0.103675
0.454043 0.190532 0.140611 0.048519 0.062621 0.103675
0.077300 0.103632 0.022601 0.008514 0.078373 0.709580
0.135902 0.086670 0.013058 0.021344 0.187678 0.555348
0.468716 0.158495 0.094344 0.029453 0.059039 0.189954
0.077929 0.058607 0.011137 0.008486 0.069847 0.773994
0.015941 0.033794 0.003418 0.001274 0.020019 0.925553
0.015941 0.033794 0.003418 0.001274 0.020019 0.925553
0.343424 0.191825 0.140310 0.038756 0.026263 0.259422
0.341928 0.212622 0.066993 0.029186 0.035611 0.313659
0.341928 0.212622 0.066993 0.029186 0.035611 0.313659
0.406569 0.322972 0.041604 0.060984 0.039827 0.128044
0.274873 0.341451 0.062046 0.047498 0.033402 0.240730
0.234392 0.286803 0.077926 0.020485 0.024953 0.355440
0.340825 0.298740 0.094628 0.095434 0.056542 0.113831
0.394487 0.234372 0.061296 0.058676 0.050293 0.200875
0.149518 0.213525 0.043924 0.023856 0.037614 0.531563
0.235227 0.150263 0.031492 0.027906 0.057542 0.497571
0.049359 0.077465 0.050344 0.005431 0.027751 0.789649
0.020054 0.023939 0.004117 0.001591 0.025055 0.925245
0.020054 0.023939 0.004117 0.001591 0.025055 0.925245
0.205090 0.042717 0.118309 0.019061 0.078714 0.536110
0.404252 0.061837 0.124463 0.334434 0.025930 0.049084
0.278560 0.439013 0.027453 0.074111 0.018282 0.162581
0.278795 0.131760 0.058942 0.026777 0.040991 0.462734
0.011040 0.963792 0.002636 0.002400 0.002097 0.018036
0.716080 0.023505 0.039073 0.059847 0.063344 0.098151
0.588894 0.069099 0.048875 0.089389 0.083152 0.120591
0.410383 0.270943 0.063100 0.063473 0.043243 0.148858
0.044755 0.043461 0.008971 0.003644 0.148635 0.750534
0.460150 0.120525 0.228646 0.043249 0.038094 0.109337
0.089362 0.104625 0.027902 0.004377 0.046276 0.727457
0.447747 0.092181 0.023174 0.062041 0.116458 0.258400
0.447747 0.092181 0.023174 0.062041 0.116458 0.258400
0.103594 0.022351 0.016429 0.006372 0.079191 0.772063
0.417505 0.008876 0.032341 0.511300 0.022872 0.007107
0.251144 0.093599 0.030961 0.027865 0.103367 0.493064
0.251144 0.093599 0.030961 0.027865 0.103367 0.493064
0.469707 0.084314 0.024700 0.049021 0.140142 0.232117
0.469707 0.084314 0.024700 0.049021 0.140142 0.232117
0.252876 0.062006 0.091093 0.025740 0.064118 0.504167
0.252876 0.062006 0.091093 0.025740 0.064118 0.504167
0.144898 0.068714 0.551391 0.013083 0.035107 0.186808
0.144898 0.068714 0.551391 0.013083 0.035107 0.186808
0.159529 0.040887 0.090976 0.016304 0.106647 0.585657
0.262731 0.078926 0.151054 0.032386 0.066287 0.408615
0.028937 0.047580 0.005942 0.002027 0.105564 0.809950
0.028937 0.047580 0.005942 0.002027 0.105564 0.809950
0.054486 0.073627 0.011244 0.005729 0.163172 0.691742
0.054486 0.073627 0.011244 0.005729 0.163172 0.691742
0.046671 0.037704 0.011985 0.003285 0.044672 0.855684
0.217002 0.356293 0.024750 0.022341 0.034303 0.345312
0.363744 0.130332 0.029975 0.056003 0.079011 0.340934
0.363744 0.130332 0.029975 0.056003 0.079011 0.340934
0.091520 0.042513 0.018563 0.004005 0.056625 0.786774
0.091520 0.042513 0.018563 0.004005 0.056625 0.786774
0.804287 0.019570 0.029341 0.034405 0.062078 0.050319
0.160605 0.061633 0.037757 0.010198 0.111667 0.618140
0.231027 0.070752 0.090811 0.027272 0.080494 0.499645
0.015997 0.013291 0.004815 0.001106 0.038384 0.926407
0.328076 0.119848 0.160370 0.021092 0.044008 0.326605
0.328076 0.119848 0.160370 0.021092 0.044008 0.326605
0.333894 0.150829 0.044840 0.035921 0.063441 0.371075
0.333894 0.150829 0.044840 0.035921 0.063441 0.371075
0.114094 0.105511 0.055300 0.012939 0.094019 0.618137
0.114094 0.105511 0.055300 0.012939 0.094019 0.618137
0.036272 0.060822 0.007664 0.003869 0.042082 0.849292
0.036272 0.060822 0.007664 0.003869 0.042082 0.849292
0.046887 0.018800 0.006049 0.005429 0.225837 0.696998
0.046887 0.018800 0.006049 0.005429 0.225837 0.696998
0.426945 0.177625 0.136524 0.037068 0.053141 0.168697
0.426945 0.177625 0.136524 0.037068 0.053141 0.168697
0.435541 0.085677 0.051653 0.034901 0.110642 0.281585
0.563002 0.016623 0.066205 0.223822 0.076301 0.054046
0.022253 0.017454 0.004828 0.001854 0.041985 0.911626
0.022253 0.017454 0.004828 0.001854 0.041985 0.911626
0.223620 0.071729 0.043656 0.020439 0.123529 0.517027
0.223620 0.071729 0.043656 0.020439 0.123529 0.517027
0.039679 0.024356 0.003007 0.002914 0.292988 0.637057
0.569172 0.095587 0.056388 0.055804 0.083865 0.139183
0.569172 0.095587 0.056388 0.055804 0.083865 0.139183
0.012044 0.017918 0.002554 0.000882 0.019356 0.947246
0.139341 0.204604 0.076348 0.013334 0.028278 0.538095
0.139341 0.204604 0.076348 0.013334 0.028278 0.538095
0.053649 0.083146 0.024775 0.004185 0.038703 0.795541
0.053649 0.083146 0.024775 0.004185 0.038703 0.795541
0.048392 0.066526 0.009552 0.003892 0.018408 0.853231
0.048392 0.066526 0.009552 0.003892 0.018408 0.853231
0.036061 0.102028 0.013951 0.003631 0.055268 0.789062
0.036061 0.102028 0.013951 0.003631 0.055268 0.789062
0.353133 0.312696 0.057440 0.043926 0.051713 0.181092
0.353133 0.312696 0.057440 0.043926 0.051713 0.181092
0.015806 0.046166 0.007144 0.001396 0.016015 0.913473
0.015806 0.046166 0.007144 0.001396 0.016015 0.913473
0.281606 0.285031 0.063766 0.030585 0.039904 0.299109
0.281606 0.285031 0.063766 0.030585 0.039904 0.299109
0.020111 0.007780 0.002261 0.001043 0.052310 0.916495
0.020111 0.007780 0.002261 0.001043 0.052310 0.916495
0.127479 0.049194 0.034927 0.010366 0.053426 0.724607
0.127479 0.049194 0.034927 0.010366 0.053426 0.724607
0.146942 0.067189 0.026991 0.012293 0.048410 0.698175
0.146942 0.067189 0.026991 0.012293 0.048410 0.698175
0.229221 0.192331 0.079406 0.018497 0.055113 0.425432
0.229221 0.192331 0.079406 0.018497 0.055113 0.425432
0.010339 0.016567 0.004828 0.000971 0.019656 0.947639
0.149888 0.099688 0.022181 0.015913 0.076485 0.635845
0.149888 0.099688 0.022181 0.015913 0.076485 0.635845
0.079096 0.088771 0.028561 0.006872 0.049173 0.747527
0.079096 0.088771 0.028561 0.006872 0.049173 0.747527
0.387923 0.141985 0.029913 0.047290 0.056362 0.336527
0.387923 0.141985 0.029913 0.047290 0.056362 0.336527
0.101609 0.080292 0.022915 0.008228 0.054357 0.732598
0.101609 0.080292 0.022915 0.008228 0.054357 0.732598
0.206540 0.134482 0.018610 0.018773 0.078227 0.543368
0.206540 0.134482 0.018610 0.018773 0.078227 0.543368
0.196924 0.144797 0.022286 0.024876 0.057720 0.553397
0.362372 0.166706 0.059733 0.095325 0.050138 0.265727
0.143664 0.244890 0.075234 0.016525 0.036578 0.483108
0.143664 0.244890 0.075234 0.016525 0.036578 0.483108
0.181166 0.130657 0.026997 0.012246 0.066715 0.582218
0.095151 0.086808 0.021803 0.006619 0.038607 0.751011
0.211636 0.109134 0.027073 0.022024 0.048726 0.581407
0.234797 0.107138 0.053059 0.016349 0.073660 0.514997
0.436462 0.157908 0.052705 0.047206 0.058808 0.246911
0.095773 0.046105 0.031874 0.007340 0.042420 0.776488
0.095773 0.046105 0.031874 0.007340 0.042420 0.776488
0.201534 0.084103 0.080934 0.011474 0.070473 0.551483
0.430039 0.081935 0.034652 0.023219 0.057146 0.373009
0.243611 0.009998 0.019054 0.671008 0.045640 0.010688
0.050256 0.022221 0.017984 0.004724 0.201346 0.703470
0.050256 0.022221 0.017984 0.004724 0.201346 0.703470
0.184067 0.037403 0.068277 0.013558 0.102236 0.594459
0.444805 0.008586 0.040365 0.455628 0.032427 0.018188
0.259699 0.050108 0.115226 0.040130 0.094183 0.440654
0.424901 0.052660 0.099950 0.173140 0.079739 0.169610
0.074812 0.038159 0.063141 0.006506 0.088631 0.728751
0.222305 0.023295 0.090817 0.649693 0.007931 0.005958
0.260497 0.019475 0.035836 0.674434 0.005833 0.003925
0.051082 0.015150 0.011462 0.005232 0.311990 0.605085
0.051082 0.015150 0.011462 0.005232 0.311990 0.605085
0.225291 0.059756 0.136511 0.011263 0.073009 0.494170
0.225291 0.059756 0.136511 0.011263 0.073009 0.494170
0.232217 0.052746 0.115531 0.025803 0.091661 0.482042
0.232217 0.052746 0.115531 0.025803 0.091661 0.482042
0.246383 0.041204 0.188449 0.027746 0.103114 0.393104
0.246383 0.041204 0.188449 0.027746 0.103114 0.393104
0.014857 0.011934 0.004339 0.001270 0.030799 0.936801
0.053719 0.017987 0.009950 0.004973 0.069226 0.844145
0.316738 0.057557 0.038175 0.048053 0.100747 0.438730
0.348364 0.086737 0.039431 0.051460 0.096757 0.377250
0.076571 0.036319 0.008228 0.006910 0.292044 0.579927
