0.542066 0.079686 0.014143 0.225697 0.112365 0.026044
0.000960 0.909544 0.000175 0.000150 0.088922 0.000248
0.327672 0.450051 0.111810 0.029117 0.080585 0.000765
0.090357 0.038352 0.000085 0.011070 0.183521 0.676614
0.316973 0.019109 0.599047 0.018419 0.039705 0.006747
0.911480 0.012002 0.000789 0.008235 0.020647 0.046846
0.001516 0.000124 0.009868 0.000827 0.058026 0.929640
0.016143 0.818804 0.003870 0.000029 0.160525 0.000630
0.003741 0.109663 0.099954 0.077770 0.690430 0.018443
0.584689 0.156882 0.069049 0.015672 0.165284 0.008424
0.026952 0.001881 0.035319 0.534897 0.337592 0.063359
0.025909 0.002654 0.016617 0.696168 0.206134 0.052518
0.001088 0.936071 0.000019 0.038896 0.023922 0.000003
0.014331 0.770768 0.000414 0.001747 0.211881 0.000859
0.716340 0.019447 0.033338 0.187975 0.042163 0.000736
0.579352 0.105584 0.051274 0.000052 0.263047 0.000693
0.201383 0.098208 0.000400 0.603710 0.065621 0.030678
0.978626 0.003471 0.000094 0.001210 0.005945 0.010653
0.005445 0.004066 0.000392 0.950990 0.038693 0.000414
0.002503 0.027206 0.004518 0.329822 0.597183 0.038768
0.014266 0.429607 0.003740 0.079350 0.467618 0.005421
0.296496 0.275155 0.000570 0.000002 0.257761 0.170017
0.054519 0.371914 0.000220 0.000020 0.490376 0.082951
0.000676 0.000762 0.884825 0.000431 0.106661 0.006644
0.000171 0.000074 0.992810 0.000865 0.005950 0.000130
0.362868 0.063150 0.107417 0.000880 0.239135 0.226550
0.904300 0.088692 0.003406 0.000072 0.003458 0.000073
0.029024 0.000878 0.000261 0.000190 0.060555 0.909092
0.000063 0.011816 0.644663 0.144171 0.198648 0.000639
0.174991 0.056824 0.041070 0.001967 0.532197 0.192950
0.000014 0.001630 0.000270 0.000001 0.636598 0.361486
0.006576 0.011842 0.904912 0.024504 0.051350 0.000815
0.286392 0.213434 0.059982 0.086961 0.342380 0.010851
0.026157 0.142890 0.002840 0.000263 0.645314 0.182536
0.000128 0.000058 0.954134 0.011673 0.032020 0.001988
0.005480 0.018342 0.000069 0.000008 0.831179 0.144922
0.001049 0.009291 0.001243 0.053108 0.860541 0.074767
0.003929 0.395373 0.000782 0.000598 0.594847 0.004471
0.000099 0.000056 0.978579 0.010412 0.008840 0.002014
0.940758 0.037571 0.000419 0.000651 0.010974 0.009628
0.000009 0.000463 0.957270 0.021601 0.020486 0.000171
0.381068 0.152464 0.038183 0.032198 0.301822 0.094265
0.058437 0.342322 0.015423 0.150394 0.420685 0.012739
0.849348 0.090601 0.002990 0.052816 0.004094 0.000150
0.081573 0.121501 0.614084 0.002854 0.172443 0.007544
0.000000 0.000016 0.114475 0.884654 0.000855 0.000001
0.217756 0.055815 0.069141 0.002391 0.542723 0.112175
0.000427 0.026655 0.147869 0.563442 0.259511 0.002096
0.326730 0.373154 0.010923 0.017741 0.213410 0.058041
0.005029 0.036811 0.030567 0.867323 0.058929 0.001341
0.036787 0.332927 0.061043 0.032572 0.520111 0.016559
0.021811 0.815536 0.045096 0.033645 0.083567 0.000344
0.000662 0.003759 0.079985 0.847737 0.060938 0.006919
0.058568 0.025308 0.166358 0.675744 0.062945 0.011078
0.003476 0.962379 0.000302 0.000049 0.033778 0.000016
0.000004 0.001074 0.968714 0.001606 0.028493 0.000108
0.065408 0.888159 0.000080 0.000472 0.045484 0.000397
0.024844 0.972584 0.000103 0.000002 0.002462 0.000005
0.026331 0.569356 0.088354 0.000771 0.293408 0.021781
0.169366 0.804402 0.000811 0.016606 0.008735 0.000080
0.234603 0.084853 0.539277 0.001897 0.138353 0.001017
0.000813 0.002718 0.311109 0.556750 0.122900 0.005709
0.207707 0.748239 0.004634 0.008085 0.031237 0.000098
0.263343 0.493531 0.006397 0.030932 0.189128 0.016669
0.000806 0.000099 0.004384 0.000001 0.108654 0.886056
0.760476 0.010701 0.019310 0.000223 0.136225 0.073065
0.075808 0.026502 0.025535 0.043547 0.533801 0.294806
0.016152 0.011612 0.025001 0.023279 0.462838 0.461117
0.052558 0.176221 0.033304 0.410129 0.295063 0.032726
0.697626 0.081806 0.008199 0.001949 0.161404 0.049015
0.000015 0.055474 0.823241 0.001179 0.120079 0.000012
0.401340 0.581619 0.000225 0.000002 0.016587 0.000227
0.000432 0.992542 0.000006 0.000010 0.007010 0.000000
0.008567 0.004506 0.284247 0.475969 0.219720 0.006991
0.000477 0.311101 0.000029 0.012901 0.672812 0.002680
0.882653 0.050680 0.016029 0.020440 0.027998 0.002201
0.607458 0.176845 0.009291 0.199388 0.006363 0.000654
0.170736 0.806075 0.002321 0.005335 0.014996 0.000536
0.614252 0.041398 0.183793 0.001857 0.099267 0.059434
0.000550 0.988607 0.000677 0.000016 0.010149 0.000000
0.389843 0.456309 0.118509 0.004350 0.030603 0.000386
0.000783 0.033146 0.379914 0.149408 0.428748 0.008000
0.743656 0.214693 0.032699 0.000094 0.008755 0.000103
0.709603 0.163476 0.007755 0.013454 0.078044 0.027667
0.239021 0.005168 0.027353 0.652249 0.043532 0.032676
0.002280 0.018493 0.000146 0.962154 0.016843 0.000084
0.011757 0.267011 0.007253 0.660365 0.053591 0.000025
0.936252 0.015806 0.006211 0.008922 0.029627 0.003182
0.006410 0.963704 0.003604 0.001171 0.025077 0.000035
0.734313 0.198583 0.000988 0.000310 0.063688 0.002117
0.001418 0.132946 0.010337 0.664744 0.189732 0.000824
0.000003 0.000217 0.924084 0.013038 0.062537 0.000121
0.017880 0.035701 0.022457 0.852686 0.069140 0.002136
0.006948 0.002973 0.212809 0.002731 0.633371 0.141168
0.058540 0.040318 0.018491 0.000198 0.760520 0.121934
0.989703 0.000984 0.000314 0.000010 0.000904 0.008085
0.098085 0.409485 0.012575 0.000095 0.457172 0.022588
0.996463 0.001865 0.000001 0.000003 0.000516 0.001152
0.012145 0.803973 0.012903 0.000391 0.170286 0.000301
0.820689 0.008662 0.000725 0.001448 0.052472 0.116002
0.322213 0.034862 0.038910 0.005142 0.378576 0.220297
0.005426 0.047693 0.150581 0.002322 0.791846 0.002132
0.964693 0.019244 0.000061 0.000012 0.006551 0.009439
0.545978 0.199614 0.000671 0.002191 0.133634 0.117912
0.029702 0.022149 0.001804 0.674823 0.151815 0.119707
0.677283 0.025385 0.018870 0.001836 0.119663 0.156962
0.007047 0.012974 0.524597 0.194484 0.239263 0.021636
0.041184 0.007199 0.000213 0.000000 0.033756 0.917648
0.581291 0.389113 0.000138 0.000628 0.027092 0.001738
0.742385 0.013805 0.002433 0.000736 0.106031 0.134609
0.054047 0.010755 0.021021 0.288519 0.518388 0.107270
0.008575 0.388507 0.033490 0.297238 0.272030 0.000160
0.178172 0.172220 0.000408 0.001335 0.607839 0.040025
0.005785 0.505816 0.000052 0.434400 0.053840 0.000107
0.004684 0.009187 0.011905 0.861022 0.108675 0.004528
0.239071 0.257618 0.128520 0.063849 0.308885 0.002056
0.013187 0.424986 0.000043 0.000017 0.507286 0.054482
0.020715 0.612930 0.005934 0.000415 0.353344 0.006662
0.484776 0.129032 0.001271 0.000484 0.286863 0.097574
0.010167 0.000586 0.002342 0.000002 0.039903 0.947000
0.000956 0.047508 0.072226 0.046268 0.814676 0.018367
0.005565 0.049455 0.005345 0.000611 0.776142 0.162883
0.000000 0.000000 0.997135 0.002541 0.000323 0.000002
0.952749 0.031906 0.001772 0.001707 0.007102 0.004765
0.016985 0.838522 0.014628 0.015402 0.114096 0.000366
0.000011 0.000030 0.980096 0.018249 0.001589 0.000025
0.006454 0.212660 0.012204 0.013569 0.735338 0.019775
0.020906 0.861894 0.073091 0.000350 0.043742 0.000017
0.044563 0.499437 0.113914 0.168686 0.169776 0.003625
0.068734 0.229443 0.623795 0.005338 0.072508 0.000181
0.688152 0.239766 0.000862 0.000015 0.065214 0.005992
0.117418 0.772156 0.004357 0.000049 0.102233 0.003786
0.008241 0.002530 0.000342 0.000482 0.332509 0.655896
0.002799 0.000219 0.000158 0.000130 0.076013 0.920681
0.000003 0.000132 0.942798 0.000082 0.056852 0.000134
0.014399 0.974136 0.000029 0.000026 0.011402 0.000009
0.016458 0.020399 0.060528 0.036205 0.854876 0.011534
0.003004 0.016478 0.030950 0.117632 0.762039 0.069896
0.027941 0.075256 0.006689 0.051056 0.798005 0.041054
0.000002 0.000321 0.981907 0.001979 0.015789 0.000003
0.120348 0.350508 0.020211 0.090265 0.417406 0.001262
0.011199 0.964460 0.000281 0.000905 0.023154 0.000001
0.004372 0.113136 0.043171 0.143013 0.695369 0.000938
0.315169 0.027950 0.002852 0.282697 0.352769 0.018563
0.185689 0.037636 0.230826 0.279848 0.265866 0.000136
0.181844 0.008481 0.000082 0.790596 0.016113 0.002883
0.079256 0.004415 0.009660 0.805660 0.075978 0.025031
0.655986 0.099570 0.000420 0.000117 0.019040 0.224867
0.895885 0.057418 0.018185 0.000988 0.017220 0.010304
0.018707 0.002296 0.193289 0.003015 0.220281 0.562413
0.047257 0.093044 0.154705 0.033138 0.588519 0.083337
0.000000 0.000028 0.977548 0.000888 0.021370 0.000166
0.877433 0.061499 0.000237 0.000000 0.014521 0.046310
0.066272 0.231973 0.080184 0.004108 0.436477 0.180986
0.005323 0.641316 0.000527 0.000002 0.342289 0.010543
0.202516 0.074308 0.000463 0.000121 0.492429 0.230162
0.040057 0.282366 0.498148 0.029298 0.149384 0.000747
0.000178 0.965462 0.000047 0.000401 0.033849 0.000063
0.095445 0.032742 0.050524 0.044867 0.632582 0.143840
0.000001 0.000011 0.994130 0.000179 0.005638 0.000042
0.034403 0.183303 0.308532 0.153613 0.317843 0.002305
0.014184 0.400537 0.002007 0.191701 0.390994 0.000576
0.017592 0.032047 0.006673 0.037732 0.477140 0.428816
0.000036 0.000820 0.994165 0.001204 0.003773 0.000003
0.088736 0.036722 0.064276 0.026986 0.561988 0.221292
0.680220 0.202970 0.009860 0.008835 0.085013 0.013101
0.076887 0.081233 0.029181 0.000062 0.362308 0.450330
0.997654 0.002121 0.000002 0.000000 0.000128 0.000095
0.228181 0.358940 0.001716 0.000122 0.372521 0.038520
0.000881 0.034084 0.626717 0.116123 0.200217 0.021979
0.553526 0.444169 0.000049 0.000000 0.002233 0.000023
0.017708 0.089432 0.002286 0.000206 0.661228 0.229141
0.000014 0.000113 0.829826 0.000059 0.164737 0.005250
0.000022 0.000047 0.777243 0.010538 0.206146 0.006004
0.000028 0.000584 0.039114 0.887772 0.071200 0.001302
0.103031 0.819659 0.014628 0.006996 0.055523 0.000164
0.229278 0.532364 0.002873 0.001143 0.230389 0.003953
0.618407 0.085970 0.012295 0.012845 0.238601 0.031883
0.269912 0.332565 0.113305 0.063301 0.215693 0.005225
0.985291 0.003247 0.001549 0.008345 0.001541 0.000027
0.472952 0.156810 0.204673 0.010720 0.141278 0.013568
0.943339 0.052089 0.000106 0.001264 0.002778 0.000424
0.857985 0.039710 0.060026 0.001106 0.040309 0.000864
0.136285 0.453100 0.043986 0.037261 0.313428 0.015939
0.000882 0.000323 0.046133 0.926571 0.024988 0.001103
0.007717 0.000957 0.001647 0.987453 0.001886 0.000340
0.761270 0.167264 0.001087 0.012761 0.046181 0.011436
0.428710 0.543569 0.000789 0.019605 0.007043 0.000283
0.002183 0.005147 0.005796 0.000303 0.746144 0.240427
0.113237 0.573435 0.027602 0.001326 0.282604 0.001797
0.355378 0.405626 0.018727 0.010140 0.206423 0.003706
0.557464 0.384426 0.033529 0.015032 0.009421 0.000128
0.000015 0.002076 0.978498 0.004239 0.015169 0.000002
0.378250 0.315617 0.091235 0.156021 0.055399 0.003479
0.000109 0.999782 0.000010 0.000007 0.000092 0.000000
0.194568 0.796130 0.000784 0.000409 0.008017 0.000093
0.337676 0.480811 0.037259 0.033815 0.105170 0.005269
0.000000 0.000003 0.999567 0.000308 0.000123 0.000000
0.735199 0.087796 0.026889 0.078627 0.057778 0.013711
0.301576 0.328798 0.058125 0.094219 0.216144 0.001138
0.009982 0.985039 0.000159 0.000553 0.004262 0.000004
0.987960 0.008133 0.000351 0.000401 0.001673 0.001483
0.266637 0.011285 0.025411 0.081924 0.342755 0.271988
0.927208 0.061098 0.000132 0.000020 0.009112 0.002429
0.000674 0.998872 0.000000 0.000001 0.000452 0.000000
0.930521 0.003621 0.001631 0.000091 0.019410 0.044726
0.595478 0.354135 0.001425 0.000325 0.047866 0.000770
0.000653 0.006682 0.170182 0.751145 0.070646 0.000691
0.598230 0.299441 0.001471 0.012193 0.073677 0.014987
0.187626 0.340141 0.328509 0.121413 0.022231 0.000079
0.073762 0.004726 0.159798 0.566331 0.162450 0.032934
0.000228 0.000240 0.003368 0.033720 0.550213 0.412231
0.000054 0.838212 0.000002 0.151588 0.010143 0.000000
0.003187 0.014121 0.000211 0.970666 0.011422 0.000393
0.000008 0.000323 0.000420 0.007952 0.973616 0.017682
0.000106 0.752149 0.000061 0.000141 0.247534 0.000010
0.000025 0.057485 0.000173 0.444250 0.497811 0.000255
0.008902 0.195987 0.000513 0.692308 0.102249 0.000042
0.036628 0.001098 0.012549 0.935126 0.014202 0.000397
0.000000 0.000018 0.967328 0.023101 0.009536 0.000017
0.335162 0.027377 0.012734 0.160209 0.264865 0.199653
0.000000 0.000056 0.991438 0.000325 0.008170 0.000009
0.017494 0.981678 0.000010 0.000056 0.000762 0.000000
0.001082 0.027253 0.000353 0.015088 0.928281 0.027942
0.003608 0.992406 0.000002 0.000055 0.003930 0.000000
0.019875 0.955559 0.000445 0.001142 0.022957 0.000021
0.158622 0.296003 0.000025 0.510028 0.034489 0.000833
0.025607 0.316036 0.105034 0.102203 0.450362 0.000758
0.000549 0.000052 0.038126 0.083781 0.603284 0.274207
0.039046 0.004870 0.008739 0.147591 0.674577 0.125177
0.017856 0.002528 0.036525 0.086648 0.301842 0.554602
0.001224 0.007741 0.000927 0.000006 0.752211 0.237890
0.000389 0.013393 0.038257 0.002994 0.911152 0.033815
0.016658 0.046482 0.285384 0.074532 0.572948 0.003996
0.000750 0.005884 0.001656 0.965591 0.021853 0.004266
0.027423 0.340242 0.071377 0.242661 0.308549 0.009749
0.000001 0.000121 0.002671 0.001210 0.906603 0.089394
0.000090 0.002294 0.044515 0.771265 0.143723 0.038112
0.000773 0.995464 0.000001 0.000282 0.003475 0.000005
0.002265 0.997193 0.000001 0.000019 0.000523 0.000000
0.287271 0.174098 0.013786 0.193744 0.289476 0.041625
0.000518 0.021015 0.538324 0.296481 0.143607 0.000056
0.011621 0.054538 0.031666 0.806758 0.095064 0.000352
0.024864 0.949596 0.001730 0.009267 0.014513 0.000029
0.001102 0.000121 0.000432 0.247556 0.034188 0.716600
0.000631 0.011027 0.009812 0.000461 0.931176 0.046894
0.000372 0.005078 0.700124 0.201180 0.093180 0.000066
0.000036 0.000287 0.000594 0.671214 0.123867 0.204002
0.364245 0.593593 0.000720 0.005932 0.035343 0.000168
0.347384 0.229416 0.086508 0.231672 0.101871 0.003148
0.000264 0.015187 0.053504 0.000006 0.884119 0.046920
0.007756 0.986803 0.000218 0.000685 0.004536 0.000002
0.009756 0.958642 0.001075 0.003539 0.026950 0.000038
0.588987 0.383083 0.001517 0.008774 0.014442 0.003199
0.500584 0.069266 0.085787 0.311908 0.030647 0.001808
0.111344 0.331551 0.023611 0.000095 0.471680 0.061719
0.442832 0.455077 0.004421 0.012517 0.082293 0.002860
0.012744 0.091044 0.027415 0.419653 0.360095 0.089049
0.001476 0.099021 0.581427 0.035873 0.281738 0.000464
0.014480 0.958095 0.000033 0.000032 0.024410 0.002951
0.000263 0.977692 0.001501 0.000152 0.020205 0.000188
0.060023 0.882939 0.000270 0.000021 0.056537 0.000210
0.000018 0.000858 0.957232 0.023474 0.018357 0.000061
0.029997 0.606078 0.026583 0.038073 0.295756 0.003512
0.016091 0.014138 0.203737 0.150615 0.593573 0.021846
0.108026 0.009545 0.221101 0.047408 0.402539 0.211380
0.162550 0.002572 0.007108 0.044972 0.152923 0.629875
0.353660 0.577575 0.017076 0.011783 0.039352 0.000552
0.212013 0.693379 0.000133 0.000002 0.090627 0.003845
0.107298 0.809408 0.004335 0.000026 0.078374 0.000559
0.008284 0.067593 0.073409 0.143840 0.664375 0.042500
0.012523 0.000893 0.353904 0.489837 0.067817 0.075026
0.004684 0.994889 0.000001 0.000064 0.000362 0.000000
0.286587 0.072481 0.064973 0.000088 0.181620 0.394251
0.862398 0.117523 0.002726 0.000093 0.013922 0.003338
0.000036 0.000123 0.923002 0.070010 0.006748 0.000082
0.076303 0.001453 0.066432 0.838846 0.011636 0.005330
0.002587 0.017242 0.473809 0.117115 0.368954 0.020293
0.059599 0.940171 0.000001 0.000045 0.000183 0.000000
0.291973 0.000004 0.000270 0.000001 0.002416 0.705336
0.194973 0.031065 0.001962 0.000601 0.602867 0.168532
0.402952 0.375023 0.002142 0.006565 0.188914 0.024403
0.100792 0.595281 0.023264 0.042728 0.230371 0.007565
0.023975 0.622423 0.003829 0.017285 0.331657 0.000832
0.001093 0.001109 0.017739 0.000001 0.793071 0.186986
0.103791 0.065975 0.000237 0.022794 0.701711 0.105493
0.093092 0.001784 0.019390 0.375617 0.259868 0.250248
0.343839 0.022166 0.059507 0.001848 0.514795 0.057846
0.093748 0.085485 0.037641 0.287910 0.480351 0.014865
0.026955 0.011141 0.019453 0.699490 0.189206 0.053755
0.005988 0.000624 0.008120 0.000058 0.084492 0.900718
0.023904 0.905884 0.021766 0.004726 0.043690 0.000030
0.066082 0.445579 0.104960 0.000265 0.361452 0.021662
0.237227 0.270623 0.334543 0.020401 0.131377 0.005830
0.636960 0.301030 0.038822 0.000758 0.019910 0.002519
0.058741 0.155711 0.762744 0.000003 0.022569 0.000231
0.063484 0.935333 0.000002 0.000000 0.001163 0.000018
0.000978 0.001607 0.006942 0.427412 0.231327 0.331734
0.660554 0.163436 0.006849 0.001437 0.150510 0.017213
0.674387 0.157400 0.002371 0.003235 0.135380 0.027227
0.911438 0.021063 0.000239 0.000154 0.012655 0.054451
0.753842 0.052480 0.001576 0.029107 0.102228 0.060767
0.456245 0.493294 0.000487 0.000079 0.044384 0.005511
0.011010 0.909994 0.000313 0.000340 0.077965 0.000378
0.014410 0.675525 0.000548 0.000301 0.295518 0.013698
0.048714 0.000031 0.006920 0.000002 0.026716 0.917616
0.125916 0.789738 0.010142 0.000578 0.071168 0.002457
0.005821 0.024758 0.865194 0.017260 0.083733 0.003235
0.000002 0.000176 0.995599 0.003422 0.000801 0.000000
0.119386 0.268499 0.127316 0.439958 0.042849 0.001992
0.289360 0.309968 0.150692 0.000196 0.216511 0.033272
0.094642 0.768883 0.070224 0.001376 0.063794 0.001081
0.147642 0.445175 0.197170 0.001289 0.201077 0.007647
0.044333 0.902094 0.022518 0.001051 0.029837 0.000168
0.812947 0.149159 0.032933 0.000625 0.004201 0.000135
0.098783 0.329192 0.013509 0.491735 0.066523 0.000258
0.202616 0.098373 0.292368 0.063911 0.333349 0.009382
0.166433 0.610594 0.025926 0.067458 0.127923 0.001666
0.097339 0.764557 0.000450 0.094642 0.042959 0.000053
0.039178 0.060101 0.628928 0.121117 0.137744 0.012932
0.094593 0.002905 0.740749 0.147965 0.010355 0.003433
0.662357 0.254807 0.032439 0.000157 0.048133 0.002107
0.100158 0.507794 0.036525 0.000007 0.348237 0.007279
0.000194 0.010945 0.868102 0.009741 0.110762 0.000256
0.750232 0.118254 0.021550 0.039170 0.060601 0.010193
0.014747 0.036131 0.004013 0.000466 0.896467 0.048176
0.026331 0.166685 0.003455 0.206223 0.559819 0.037488
0.246930 0.199049 0.004086 0.017189 0.168695 0.364051
0.218231 0.766601 0.000068 0.000001 0.014750 0.000348
0.028595 0.968186 0.000060 0.000082 0.003018 0.000059
0.007920 0.823638 0.001014 0.000048 0.142771 0.024609
0.666891 0.228214 0.006539 0.001318 0.095616 0.001421
0.622686 0.004657 0.065336 0.184420 0.051681 0.071221
0.012027 0.349394 0.606547 0.016548 0.015459 0.000025
0.663547 0.292972 0.002638 0.000034 0.039083 0.001727
0.002878 0.010082 0.538279 0.286928 0.159080 0.002753
0.000500 0.009720 0.002298 0.913539 0.070336 0.003606
0.001502 0.991771 0.000034 0.000271 0.006420 0.000002
0.022390 0.032143 0.017622 0.719739 0.202556 0.005551
0.002236 0.399443 0.005515 0.005150 0.585719 0.001938
0.001942 0.717817 0.082565 0.054209 0.143465 0.000002
0.001355 0.017184 0.000392 0.972644 0.008415 0.000010
0.886658 0.081068 0.000694 0.000000 0.022581 0.008998
0.000004 0.000006 0.985615 0.007299 0.006928 0.000148
0.000298 0.004276 0.004129 0.000000 0.795246 0.196050
0.993566 0.003742 0.000089 0.000001 0.001758 0.000844
0.796622 0.014885 0.016142 0.081698 0.051306 0.039346
0.996936 0.001024 0.000044 0.000016 0.000866 0.001114
0.896972 0.009146 0.006603 0.014086 0.038975 0.034218
0.055255 0.200639 0.003218 0.041235 0.586208 0.113445
0.003173 0.937787 0.000359 0.002361 0.056189 0.000131
0.303117 0.079179 0.023278 0.003463 0.362144 0.228818
0.001411 0.841155 0.007254 0.100767 0.049399 0.000014
0.004844 0.051246 0.007381 0.917588 0.018904 0.000036
0.096216 0.690668 0.045714 0.034963 0.131585 0.000853
0.030458 0.348924 0.468453 0.006646 0.144360 0.001159
0.135648 0.860657 0.000079 0.000061 0.003464 0.000091
0.705678 0.099509 0.001040 0.000013 0.089553 0.104207
0.000002 0.000003 0.978561 0.002992 0.016944 0.001498
0.503578 0.177552 0.007671 0.000335 0.297366 0.013498
0.103566 0.724089 0.004154 0.095583 0.072359 0.000249
0.025374 0.594765 0.000103 0.373567 0.006138 0.000053
0.003493 0.007810 0.343024 0.626447 0.019043 0.000182
0.071680 0.182606 0.007300 0.470275 0.261217 0.006922
0.002154 0.098919 0.003573 0.001958 0.880801 0.012595
0.000226 0.975093 0.000009 0.001070 0.023532 0.000070
0.000031 0.001384 0.023151 0.000329 0.749716 0.225390
0.279115 0.169869 0.102196 0.072809 0.361848 0.014163
0.001084 0.072816 0.290593 0.034669 0.597914 0.002924
0.560625 0.078349 0.014577 0.001510 0.314341 0.030597
0.678775 0.005733 0.045722 0.187995 0.054196 0.027579
0.002005 0.934560 0.000082 0.023428 0.039903 0.000021
0.533671 0.403160 0.005248 0.002650 0.053385 0.001887
0.643804 0.039892 0.009016 0.151985 0.068954 0.086348
0.001829 0.008583 0.290638 0.000263 0.696120 0.002568
0.000008 0.994838 0.000053 0.001106 0.003995 0.000000
0.549999 0.416432 0.000394 0.000328 0.028631 0.004216
0.007336 0.247008 0.088231 0.203216 0.445953 0.008255
0.839489 0.002813 0.041751 0.012564 0.055324 0.048059
0.001674 0.006201 0.768473 0.034602 0.184326 0.004724
0.370538 0.233317 0.002340 0.005773 0.347423 0.040609
0.028637 0.106738 0.003810 0.012757 0.628901 0.219158
0.985912 0.007295 0.002657 0.000029 0.002669 0.001438
0.232688 0.190283 0.023066 0.034423 0.507033 0.012507
0.751342 0.060702 0.011216 0.067557 0.087773 0.021410
0.468378 0.057069 0.015110 0.252428 0.099076 0.107939
0.999218 0.000458 0.000269 0.000000 0.000044 0.000011
0.000108 0.000867 0.003543 0.000329 0.763891 0.231262
0.014136 0.127290 0.007840 0.003965 0.831161 0.015607
0.007595 0.296362 0.003127 0.002083 0.618621 0.072212
0.003227 0.130235 0.089530 0.596463 0.180277 0.000268
0.455912 0.003960 0.018453 0.000014 0.156588 0.365074
0.078113 0.000296 0.080844 0.003402 0.075356 0.761988
0.386519 0.266541 0.010610 0.002954 0.324424 0.008952
0.032110 0.481852 0.003309 0.036073 0.441868 0.004788
0.003644 0.000558 0.330959 0.062360 0.571249 0.031229
0.000036 0.973027 0.000139 0.000411 0.026387 0.000001
0.003337 0.996552 0.000012 0.000001 0.000098 0.000000
0.417370 0.293528 0.004397 0.246976 0.036219 0.001509
0.018052 0.031354 0.179604 0.332788 0.420504 0.017699
0.000001 0.000006 0.994652 0.004184 0.001154 0.000003
0.031015 0.111639 0.002285 0.090573 0.726702 0.037787
0.004858 0.391992 0.016043 0.042710 0.543114 0.001283
0.000225 0.977200 0.000015 0.000005 0.022516 0.000039
0.006588 0.030744 0.010325 0.000023 0.831370 0.120950
0.001561 0.004528 0.032268 0.899847 0.060166 0.001630
0.000536 0.683879 0.000007 0.000015 0.315414 0.000149
0.007822 0.240067 0.002078 0.026637 0.715343 0.008053
0.381286 0.090071 0.005764 0.001287 0.383546 0.138046
0.081533 0.079864 0.016505 0.008307 0.804145 0.009645
0.056370 0.007017 0.000829 0.741970 0.068163 0.125651
0.000063 0.995681 0.000001 0.000108 0.004146 0.000000
0.043703 0.848659 0.000103 0.012003 0.095064 0.000467
0.059968 0.711684 0.005249 0.000740 0.221237 0.001121
0.134635 0.051867 0.030485 0.775012 0.007936 0.000064
0.000002 0.000205 0.000166 0.999025 0.000597 0.000005
0.000137 0.011931 0.021515 0.951443 0.014967 0.000007
0.000090 0.952759 0.000037 0.011251 0.035790 0.000073
0.002546 0.205271 0.012501 0.007651 0.755355 0.016676
0.000172 0.214969 0.011781 0.001179 0.770803 0.001096
0.000142 0.000052 0.996990 0.002214 0.000584 0.000019
0.000363 0.002067 0.006591 0.000006 0.860643 0.130330
0.003086 0.002193 0.214296 0.001097 0.607399 0.171930
0.000000 0.000003 0.995110 0.003165 0.001721 0.000000
0.002811 0.915273 0.000036 0.000002 0.081761 0.000117
0.135069 0.864396 0.000002 0.000001 0.000516 0.000014
0.200387 0.687697 0.000132 0.000051 0.104529 0.007204
0.479695 0.090265 0.082111 0.267197 0.076764 0.003968
0.007215 0.005246 0.740499 0.209626 0.037226 0.000187
0.805139 0.156564 0.001737 0.001433 0.024949 0.010178
0.709218 0.161352 0.027928 0.000286 0.083082 0.018135
0.014627 0.962472 0.000698 0.000005 0.021771 0.000427
0.140200 0.031454 0.178045 0.000040 0.526085 0.124176
0.382385 0.185167 0.055685 0.001896 0.357273 0.017594
0.159377 0.127690 0.595182 0.041842 0.075735 0.000174
0.001783 0.000264 0.106153 0.328121 0.165316 0.398364
0.267389 0.261924 0.152473 0.008551 0.308027 0.001636
0.713340 0.053799 0.004085 0.214420 0.010979 0.003377
0.062687 0.881920 0.000059 0.019834 0.034980 0.000520
0.010574 0.007781 0.029953 0.855763 0.090330 0.005599
0.000366 0.158991 0.000524 0.000040 0.839240 0.000839
0.000356 0.393603 0.002201 0.000006 0.601845 0.001989
0.000664 0.995259 0.000000 0.000001 0.004073 0.000002
0.115838 0.499617 0.001100 0.001103 0.381678 0.000664
0.728564 0.012563 0.007908 0.212360 0.036341 0.002265
0.000774 0.000054 0.005082 0.970616 0.021976 0.001498
0.005618 0.000502 0.000018 0.991863 0.001782 0.000217
0.003132 0.014764 0.000113 0.902632 0.074282 0.005075
0.196491 0.744859 0.000431 0.030844 0.026271 0.001104
0.022540 0.021657 0.036014 0.662651 0.244871 0.012266
0.000104 0.097645 0.001058 0.000020 0.900383 0.000790
0.000278 0.545403 0.000531 0.000025 0.453483 0.000281
0.000246 0.990642 0.000000 0.000001 0.009105 0.000006
0.717998 0.210588 0.000956 0.001246 0.068416 0.000795
0.458221 0.082414 0.005290 0.195527 0.257358 0.001190
0.000389 0.000006 0.003308 0.994149 0.001524 0.000624
0.738058 0.198055 0.000807 0.000024 0.057097 0.005958
0.146256 0.352018 0.029093 0.020126 0.283491 0.169016
0.411773 0.055970 0.066324 0.089039 0.282567 0.094327
0.049597 0.042627 0.019209 0.004934 0.644728 0.238906
0.000823 0.025475 0.044341 0.047908 0.810960 0.070493
0.000091 0.001797 0.956871 0.003552 0.037602 0.000087
0.688646 0.033376 0.009587 0.224761 0.032767 0.010863
0.029834 0.020063 0.164939 0.000318 0.549211 0.235635
0.323059 0.307650 0.007965 0.004558 0.308557 0.048212
0.014967 0.742855 0.003003 0.102021 0.137116 0.000037
0.012285 0.976043 0.000030 0.000153 0.011482 0.000007
0.007139 0.020439 0.004231 0.017075 0.896623 0.054494
0.176460 0.343164 0.017369 0.000239 0.462142 0.000626
0.237014 0.345822 0.100443 0.188490 0.127971 0.000261
0.007726 0.030017 0.000179 0.955035 0.006984 0.000059
0.976481 0.020011 0.001826 0.001119 0.000525 0.000038
0.884954 0.029032 0.067825 0.007252 0.009297 0.001641
0.002670 0.148807 0.002221 0.000086 0.774204 0.072012
0.010784 0.003480 0.000066 0.981639 0.003637 0.000393
0.003723 0.110937 0.025344 0.560703 0.299190 0.000103
0.035337 0.950476 0.000039 0.000168 0.013957 0.000024
0.002288 0.013367 0.009537 0.018358 0.943239 0.013211
0.032666 0.477883 0.004124 0.000345 0.484824 0.000158
0.331163 0.486876 0.019235 0.044605 0.117429 0.000693
0.401129 0.010182 0.000333 0.586594 0.001696 0.000066
0.630142 0.337541 0.008239 0.002955 0.020691 0.000432
0.737860 0.002054 0.012344 0.246647 0.000467 0.000627
0.356675 0.182763 0.109753 0.003804 0.335778 0.011226
0.001227 0.025047 0.019566 0.696973 0.256763 0.000424
0.002064 0.967410 0.000058 0.009824 0.020626 0.000018
0.145919 0.398284 0.033777 0.039665 0.378988 0.003366
0.000878 0.017097 0.008233 0.930048 0.043313 0.000431
0.001784 0.153601 0.012383 0.390524 0.441228 0.000480
0.000132 0.001692 0.000622 0.973276 0.023788 0.000490
0.001550 0.005074 0.003886 0.899163 0.077791 0.012536
0.259348 0.475188 0.002655 0.010991 0.248270 0.003547
0.026895 0.588198 0.000015 0.000205 0.375761 0.008927
0.006252 0.408186 0.005142 0.003245 0.535609 0.041566
0.001675 0.829252 0.000281 0.002306 0.166370 0.000114
0.120583 0.006731 0.179364 0.051783 0.611234 0.030304
0.000250 0.000068 0.024440 0.930140 0.041622 0.003480
0.122750 0.011391 0.018434 0.697035 0.142800 0.007591
0.110845 0.167148 0.012461 0.549044 0.147998 0.012504
0.003011 0.715406 0.000053 0.000001 0.281111 0.000418
0.020554 0.037107 0.011680 0.001579 0.837147 0.091932
0.003031 0.020017 0.006541 0.116054 0.814313 0.040045
0.000491 0.102200 0.007160 0.085972 0.801247 0.002931
0.003529 0.000380 0.002240 0.002722 0.117135 0.873994
0.000006 0.000108 0.997836 0.000067 0.001982 0.000001
0.016364 0.981140 0.000006 0.000001 0.002488 0.000001
0.082630 0.833964 0.017236 0.021057 0.044969 0.000144
0.008226 0.309055 0.016997 0.035617 0.625356 0.004749
0.174350 0.377067 0.264602 0.013385 0.170461 0.000135
0.001226 0.080628 0.004489 0.866425 0.047197 0.000034
0.008194 0.031059 0.496908 0.016185 0.441820 0.005835
0.001473 0.000659 0.027491 0.946540 0.023446 0.000392
0.079731 0.059023 0.129142 0.025280 0.694751 0.012073
0.011354 0.004292 0.071392 0.001285 0.219386 0.692291
0.002771 0.000495 0.000034 0.000000 0.113602 0.883098
0.062595 0.033928 0.097930 0.002398 0.649605 0.153544
0.000180 0.000220 0.040714 0.695718 0.247823 0.015345
0.602481 0.030548 0.085129 0.014381 0.203970 0.063491
0.537034 0.260136 0.004933 0.118328 0.069581 0.009987
0.299773 0.000904 0.002048 0.005928 0.017541 0.673806
0.000530 0.003001 0.911666 0.028007 0.054067 0.002730
0.146812 0.331595 0.037599 0.000114 0.372644 0.111236
0.002417 0.024260 0.876134 0.027357 0.064055 0.005778
0.334091 0.553600 0.002274 0.000941 0.096134 0.012961
0.038393 0.093819 0.289660 0.001062 0.448029 0.129036
0.569327 0.019479 0.000311 0.009834 0.055969 0.345079
0.118717 0.027004 0.189854 0.573893 0.074207 0.016324
0.891315 0.046825 0.042529 0.000596 0.017821 0.000914
0.529575 0.036785 0.069240 0.192190 0.107315 0.064895
0.524438 0.317900 0.005878 0.000138 0.145302 0.006344
0.000003 0.000973 0.974876 0.001406 0.022440 0.000302
0.494657 0.448359 0.005711 0.001608 0.048068 0.001597
0.037309 0.590405 0.014172 0.340148 0.017953 0.000013
0.001281 0.092309 0.003496 0.735735 0.166880 0.000300
0.202487 0.180474 0.032997 0.576810 0.007203 0.000030
0.169082 0.826428 0.000156 0.000522 0.003799 0.000013
0.063084 0.817446 0.019261 0.062242 0.037718 0.000249
0.002341 0.983599 0.000059 0.000009 0.013989 0.000001
0.042305 0.117725 0.003051 0.082896 0.496930 0.257093
0.011280 0.034482 0.008061 0.102827 0.655162 0.188187
0.010262 0.021256 0.145063 0.363894 0.445427 0.014097
0.344859 0.036684 0.003036 0.104734 0.426567 0.084120
0.000004 0.000175 0.981765 0.003712 0.014302 0.000041
0.035061 0.503590 0.012631 0.302853 0.144927 0.000938
0.326622 0.080722 0.000746 0.000027 0.480608 0.111274
0.481003 0.040893 0.303742 0.011990 0.152491 0.009880
0.093453 0.009911 0.444919 0.035905 0.401099 0.014713
0.002162 0.182573 0.007130 0.444831 0.362003 0.001299
0.966818 0.030278 0.000267 0.000240 0.002202 0.000195
0.452875 0.155329 0.010145 0.000344 0.371229 0.010079
0.649901 0.063001 0.000926 0.024452 0.212810 0.048910
0.131880 0.635162 0.016738 0.004524 0.208770 0.002926
0.486719 0.022606 0.021998 0.408821 0.040176 0.019680
0.018684 0.055545 0.712400 0.089829 0.114888 0.008654
0.389845 0.218878 0.287892 0.001624 0.099584 0.002177
0.002147 0.055809 0.017303 0.005322 0.912414 0.007005
0.002502 0.028672 0.079040 0.711380 0.164723 0.013683
0.039593 0.093284 0.003655 0.000279 0.740138 0.123051
0.132152 0.028170 0.255575 0.416106 0.103842 0.064155
0.012905 0.616093 0.000177 0.000062 0.334508 0.036255
0.711033 0.202056 0.000200 0.000129 0.045203 0.041379
0.000436 0.993139 0.000016 0.000148 0.006253 0.000008
0.830278 0.047142 0.011547 0.034661 0.069461 0.006912
0.004092 0.034788 0.012966 0.936366 0.011734 0.000053
0.122960 0.066708 0.061271 0.000301 0.685626 0.063133
0.000410 0.996362 0.000000 0.000001 0.003226 0.000001
0.007118 0.017483 0.000577 0.357277 0.596101 0.021444
0.000885 0.021540 0.020363 0.316674 0.598313 0.042225
0.002455 0.989980 0.001504 0.000330 0.005730 0.000001
0.069059 0.848796 0.000476 0.052633 0.028291 0.000745
0.000051 0.958084 0.000005 0.000030 0.041827 0.000003
0.000042 0.042820 0.887386 0.010633 0.059117 0.000002
0.000272 0.503823 0.000033 0.004148 0.490650 0.001075
0.000401 0.001906 0.002870 0.336987 0.498793 0.159042
0.094681 0.064268 0.212861 0.137313 0.485317 0.005561
0.000277 0.006048 0.134054 0.551746 0.305089 0.002786
0.005774 0.023583 0.000418 0.963253 0.006637 0.000334
0.173716 0.749941 0.000818 0.003442 0.071818 0.000265
0.002933 0.000567 0.003092 0.985823 0.004266 0.003319
0.000919 0.013842 0.002085 0.002693 0.958943 0.021519
0.019565 0.940100 0.002842 0.007356 0.029999 0.000138
0.239412 0.395204 0.013652 0.342853 0.008541 0.000338
0.006867 0.469888 0.006234 0.007272 0.500228 0.009511
0.000466 0.319412 0.000052 0.000475 0.675303 0.004292
0.022017 0.001520 0.326698 0.001752 0.433892 0.214121
0.934520 0.001682 0.013756 0.034192 0.011667 0.004181
0.007126 0.817906 0.000057 0.170675 0.004229 0.000008
0.001804 0.997612 0.000002 0.000200 0.000381 0.000000
0.000750 0.082625 0.002399 0.000715 0.909835 0.003676
0.000006 0.000461 0.036932 0.781530 0.179924 0.001146
0.000000 0.000003 0.000877 0.997434 0.001610 0.000075
0.003528 0.992138 0.000001 0.003315 0.001017 0.000000
0.527622 0.115823 0.010276 0.007590 0.323479 0.015210
0.000038 0.000063 0.000129 0.980734 0.018565 0.000471
0.000263 0.329366 0.000032 0.167432 0.502768 0.000138
0.000142 0.001121 0.000016 0.997490 0.001227 0.000003
0.002784 0.374342 0.019941 0.015634 0.587106 0.000192
0.006279 0.281178 0.002989 0.649197 0.060316 0.000041
0.000144 0.000856 0.000200 0.569053 0.410422 0.019325
0.015254 0.391331 0.012961 0.013250 0.566246 0.000958
0.000126 0.001301 0.041873 0.000971 0.662684 0.293045
0.001162 0.996073 0.000014 0.000144 0.002604 0.000003
0.754082 0.083444 0.026051 0.010221 0.121102 0.005100
0.016293 0.005478 0.562536 0.046839 0.343332 0.025522
0.042841 0.217871 0.001895 0.012401 0.675772 0.049220
0.025693 0.089949 0.011279 0.373093 0.407731 0.092255
0.001141 0.002904 0.191131 0.004633 0.361885 0.438306
0.751625 0.061392 0.083309 0.059361 0.042002 0.002311
0.005046 0.038434 0.022809 0.003316 0.907802 0.022594
0.062415 0.559361 0.179151 0.021119 0.173661 0.004292
0.000198 0.000231 0.998964 0.000039 0.000566 0.000001
0.138338 0.027754 0.016763 0.000041 0.152764 0.664339
0.000018 0.000277 0.997116 0.000006 0.002555 0.000028
0.000388 0.001084 0.993122 0.000146 0.005249 0.000011
0.041265 0.878307 0.002781 0.000027 0.077232 0.000388
0.000004 0.000197 0.997978 0.000043 0.001765 0.000012
0.484637 0.509420 0.000753 0.000290 0.004860 0.000041
0.128635 0.063536 0.426012 0.000150 0.374780 0.006887
0.000193 0.351081 0.000098 0.000004 0.648227 0.000397
0.000024 0.002635 0.359964 0.042009 0.590158 0.005210
0.001992 0.150903 0.000751 0.003056 0.829543 0.013755
0.000241 0.001592 0.852616 0.043824 0.101626 0.000100
0.983493 0.003511 0.000036 0.000809 0.002091 0.010061
0.000790 0.071279 0.000200 0.000178 0.912085 0.015467
0.010194 0.008072 0.053947 0.437403 0.439029 0.051355
0.003682 0.093562 0.001634 0.004891 0.890009 0.006222
0.013711 0.123657 0.070154 0.156985 0.632269 0.003223
0.014357 0.736642 0.003258 0.076999 0.165815 0.002927
0.086259 0.745794 0.011040 0.005704 0.148099 0.003104
0.000159 0.000093 0.982760 0.014768 0.002145 0.000076
0.215125 0.459305 0.213841 0.009937 0.095001 0.006790
0.014268 0.984794 0.000040 0.000062 0.000836 0.000000
0.048105 0.598435 0.074255 0.007272 0.264123 0.007809
0.177832 0.228859 0.022577 0.001487 0.545199 0.024046
0.004382 0.001667 0.718607 0.073668 0.189706 0.011968
0.005128 0.972353 0.000089 0.000040 0.022383 0.000007
0.029270 0.671025 0.011882 0.000097 0.262012 0.025713
0.542066 0.079686 0.014143 0.225697 0.112365 0.026044
0.000960 0.909544 0.000175 0.000150 0.088922 0.000248
0.090357 0.038352 0.000085 0.011070 0.183521 0.676614
0.316973 0.019109 0.599047 0.018419 0.039705 0.006747
0.316973 0.019109 0.599047 0.018419 0.039705 0.006747
0.001516 0.000124 0.009868 0.000827 0.058026 0.929640
0.016143 0.818804 0.003870 0.000029 0.160525 0.000630
0.000763 0.232135 0.007169 0.156345 0.598972 0.004616
0.947111 0.052795 0.000003 0.000000 0.000086 0.000005
0.260223 0.613957 0.002869 0.001339 0.121257 0.000356
0.584689 0.156882 0.069049 0.015672 0.165284 0.008424
0.026952 0.001881 0.035319 0.534897 0.337592 0.063359
0.001088 0.936071 0.000019 0.038896 0.023922 0.000003
0.014331 0.770768 0.000414 0.001747 0.211881 0.000859
0.716340 0.019447 0.033338 0.187975 0.042163 0.000736
0.716340 0.019447 0.033338 0.187975 0.042163 0.000736
0.579352 0.105584 0.051274 0.000052 0.263047 0.000693
0.201383 0.098208 0.000400 0.603710 0.065621 0.030678
0.077317 0.002176 0.024349 0.730760 0.043887 0.121511
0.005445 0.004066 0.000392 0.950990 0.038693 0.000414
0.010305 0.000304 0.000115 0.985940 0.002300 0.001037
0.002503 0.027206 0.004518 0.329822 0.597183 0.038768
0.296496 0.275155 0.000570 0.000002 0.257761 0.170017
0.296496 0.275155 0.000570 0.000002 0.257761 0.170017
0.054519 0.371914 0.000220 0.000020 0.490376 0.082951
0.000171 0.000074 0.992810 0.000865 0.005950 0.000130
0.000171 0.000074 0.992810 0.000865 0.005950 0.000130
0.904300 0.088692 0.003406 0.000072 0.003458 0.000073
0.904300 0.088692 0.003406 0.000072 0.003458 0.000073
0.000152 0.000985 0.176784 0.003795 0.627233 0.191052
0.000063 0.011816 0.644663 0.144171 0.198648 0.000639
0.000013 0.000176 0.977994 0.013346 0.008386 0.000086
0.000014 0.001630 0.000270 0.000001 0.636598 0.361486
0.006576 0.011842 0.904912 0.024504 0.051350 0.000815
0.006576 0.011842 0.904912 0.024504 0.051350 0.000815
0.286392 0.213434 0.059982 0.086961 0.342380 0.010851
0.000128 0.000058 0.954134 0.011673 0.032020 0.001988
0.000128 0.000058 0.954134 0.011673 0.032020 0.001988
0.091065 0.247584 0.444282 0.020552 0.194271 0.002246
0.001049 0.009291 0.001243 0.053108 0.860541 0.074767
0.001049 0.009291 0.001243 0.053108 0.860541 0.074767
0.000099 0.000056 0.978579 0.010412 0.008840 0.002014
0.000099 0.000056 0.978579 0.010412 0.008840 0.002014
0.000009 0.000463 0.957270 0.021601 0.020486 0.000171
0.000009 0.000463 0.957270 0.021601 0.020486 0.000171
0.377001 0.250704 0.005462 0.079734 0.265246 0.021855
0.849348 0.090601 0.002990 0.052816 0.004094 0.000150
0.849348 0.090601 0.002990 0.052816 0.004094 0.000150
0.081573 0.121501 0.614084 0.002854 0.172443 0.007544
0.000000 0.000016 0.114475 0.884654 0.000855 0.000001
0.000000 0.000016 0.114475 0.884654 0.000855 0.000001
0.000427 0.026655 0.147869 0.563442 0.259511 0.002096
0.001168 0.002680 0.008348 0.950157 0.036433 0.001214
0.005029 0.036811 0.030567 0.867323 0.058929 0.001341
0.005029 0.036811 0.030567 0.867323 0.058929 0.001341
0.021811 0.815536 0.045096 0.033645 0.083567 0.000344
0.003515 0.070238 0.174400 0.572140 0.177309 0.002398
0.058568 0.025308 0.166358 0.675744 0.062945 0.011078
0.037521 0.952628 0.000040 0.000265 0.009496 0.000050
0.003476 0.962379 0.000302 0.000049 0.033778 0.000016
0.000004 0.001074 0.968714 0.001606 0.028493 0.000108
0.037364 0.075911 0.461255 0.225296 0.197338 0.002836
0.024844 0.972584 0.000103 0.000002 0.002462 0.000005
0.024844 0.972584 0.000103 0.000002 0.002462 0.000005
0.169366 0.804402 0.000811 0.016606 0.008735 0.000080
0.234603 0.084853 0.539277 0.001897 0.138353 0.001017
0.000813 0.002718 0.311109 0.556750 0.122900 0.005709
0.000813 0.002718 0.311109 0.556750 0.122900 0.005709
0.207707 0.748239 0.004634 0.008085 0.031237 0.000098
0.000806 0.000099 0.004384 0.000001 0.108654 0.886056
0.000806 0.000099 0.004384 0.000001 0.108654 0.886056
0.018274 0.431924 0.001807 0.008928 0.534196 0.004872
0.004640 0.253935 0.108497 0.247546 0.385005 0.000377
0.075808 0.026502 0.025535 0.043547 0.533801 0.294806
0.052558 0.176221 0.033304 0.410129 0.295063 0.032726
0.052558 0.176221 0.033304 0.410129 0.295063 0.032726
0.000015 0.055474 0.823241 0.001179 0.120079 0.000012
0.000015 0.055474 0.823241 0.001179 0.120079 0.000012
0.000432 0.992542 0.000006 0.000010 0.007010 0.000000
0.000432 0.992542 0.000006 0.000010 0.007010 0.000000
0.000477 0.311101 0.000029 0.012901 0.672812 0.002680
0.000477 0.311101 0.000029 0.012901 0.672812 0.002680
0.882653 0.050680 0.016029 0.020440 0.027998 0.002201
0.607458 0.176845 0.009291 0.199388 0.006363 0.000654
0.170736 0.806075 0.002321 0.005335 0.014996 0.000536
0.170736 0.806075 0.002321 0.005335 0.014996 0.000536
0.000550 0.988607 0.000677 0.000016 0.010149 0.000000
0.000550 0.988607 0.000677 0.000016 0.010149 0.000000
0.000783 0.033146 0.379914 0.149408 0.428748 0.008000
0.000783 0.033146 0.379914 0.149408 0.428748 0.008000
0.709603 0.163476 0.007755 0.013454 0.078044 0.027667
0.709603 0.163476 0.007755 0.013454 0.078044 0.027667
0.239021 0.005168 0.027353 0.652249 0.043532 0.032676
0.002280 0.018493 0.000146 0.962154 0.016843 0.000084
0.011757 0.267011 0.007253 0.660365 0.053591 0.000025
0.083349 0.203717 0.015517 0.588706 0.107903 0.000808
0.936252 0.015806 0.006211 0.008922 0.029627 0.003182
0.006410 0.963704 0.003604 0.001171 0.025077 0.000035
0.032297 0.036136 0.005181 0.823547 0.101190 0.001649
0.000003 0.000217 0.924084 0.013038 0.062537 0.000121
0.000000 0.000026 0.983284 0.010581 0.006093 0.000015
0.017880 0.035701 0.022457 0.852686 0.069140 0.002136
0.002554 0.002095 0.198368 0.036183 0.586554 0.174247
