0.147649 0.627386 0.013251 0.059650 0.035038 0.117027
0.005810 0.026798 0.006514 0.027612 0.870250 0.063016
0.038049 0.495263 0.055406 0.211061 0.160797 0.039423
0.082390 0.086980 0.016344 0.130396 0.071887 0.612004
0.049535 0.466779 0.026590 0.285579 0.089219 0.082298
0.078985 0.329172 0.024640 0.107733 0.047266 0.412203
0.026980 0.072732 0.012482 0.021210 0.013304 0.853292
0.009931 0.141283 0.055188 0.069085 0.525986 0.198527
0.040412 0.621625 0.062204 0.031477 0.031876 0.212405
0.041497 0.146484 0.029602 0.503329 0.218885 0.060203
0.444482 0.250666 0.017108 0.151697 0.022758 0.113288
0.351807 0.319711 0.022187 0.146769 0.018977 0.140549
0.057515 0.078896 0.008284 0.036414 0.798194 0.020697
0.077308 0.366632 0.034872 0.178932 0.176570 0.165686
0.231660 0.659058 0.037528 0.028736 0.014527 0.028490
0.007925 0.045675 0.019544 0.821287 0.070896 0.034673
0.338688 0.240436 0.038700 0.091601 0.125634 0.164941
0.084845 0.084257 0.009490 0.711411 0.034548 0.075448
0.434661 0.341528 0.068895 0.034039 0.038117 0.082761
0.109376 0.375582 0.085578 0.085698 0.028020 0.315746
0.055409 0.476743 0.076116 0.033516 0.093978 0.264238
0.001850 0.016519 0.004138 0.451504 0.201870 0.324120
0.005361 0.039225 0.006555 0.147442 0.102439 0.698978
0.011153 0.295269 0.433432 0.031545 0.014886 0.213715
0.015471 0.342217 0.542204 0.038678 0.014111 0.047319
0.011870 0.252032 0.047208 0.243236 0.034143 0.411512
0.013426 0.214470 0.017984 0.390890 0.311368 0.051863
0.014164 0.029223 0.004754 0.126134 0.024127 0.801598
0.016397 0.487671 0.424503 0.006029 0.015563 0.049837
0.031277 0.382902 0.045793 0.141995 0.021055 0.376977
0.002147 0.016500 0.008296 0.034803 0.016580 0.921674
0.017370 0.826120 0.095293 0.006186 0.011425 0.043606
0.057753 0.360257 0.018100 0.227826 0.127020 0.209043
0.004730 0.045979 0.007852 0.021939 0.042661 0.876839
0.046775 0.571562 0.166540 0.075899 0.008473 0.130750
0.008438 0.024119 0.007780 0.290928 0.031277 0.637457
0.094890 0.154786 0.020495 0.165757 0.024818 0.539253
0.019799 0.186797 0.027893 0.073243 0.171957 0.520310
0.018766 0.445139 0.394252 0.029833 0.007020 0.104991
0.019309 0.116315 0.012881 0.559692 0.122750 0.169054
0.010092 0.251143 0.676554 0.011148 0.012946 0.038117
0.037677 0.268755 0.018166 0.202541 0.148709 0.324152
0.058867 0.362745 0.031581 0.220073 0.150081 0.176653
0.110376 0.479971 0.014191 0.083189 0.272409 0.039864
0.018230 0.543621 0.110665 0.109667 0.090199 0.127618
0.040666 0.505431 0.446579 0.001082 0.001604 0.004638
0.022791 0.303535 0.040707 0.194364 0.037616 0.400987
0.052391 0.773614 0.120512 0.003352 0.006552 0.043578
0.049348 0.407908 0.042022 0.188204 0.073539 0.238980
0.116734 0.689334 0.026490 0.031519 0.070611 0.065312
0.033775 0.410981 0.058788 0.146011 0.152861 0.197584
0.014563 0.136980 0.017552 0.146349 0.648252 0.036303
0.063692 0.644104 0.059022 0.012565 0.028282 0.192336
0.056198 0.867968 0.017342 0.010224 0.009083 0.039186
0.002319 0.020115 0.003614 0.013889 0.942138 0.017924
0.006439 0.226156 0.663258 0.020146 0.021198 0.062803
0.026648 0.142582 0.025157 0.197586 0.508013 0.100014
0.000570 0.007625 0.002723 0.011292 0.969990 0.007801
0.008269 0.184410 0.132714 0.092305 0.291697 0.290606
0.042651 0.686112 0.039769 0.067881 0.116911 0.046677
0.020608 0.297319 0.097386 0.306683 0.200890 0.077113
0.057100 0.372572 0.434408 0.011772 0.023872 0.100275
0.031877 0.405358 0.025940 0.183792 0.310168 0.042864
0.056515 0.542445 0.043866 0.058013 0.096152 0.203009
0.001966 0.013380 0.010591 0.092011 0.010747 0.871306
0.032557 0.194000 0.036397 0.174889 0.085599 0.476558
0.030006 0.199488 0.017739 0.060514 0.029781 0.662472
0.038746 0.129986 0.023916 0.131720 0.112169 0.563463
0.066001 0.426384 0.028439 0.079636 0.130093 0.269446
0.028350 0.183825 0.010328 0.467816 0.073825 0.235856
0.008538 0.192745 0.301212 0.032702 0.407725 0.057079
0.001361 0.014191 0.002208 0.860349 0.104689 0.017202
0.001405 0.006693 0.001154 0.010175 0.974812 0.005762
0.120728 0.723257 0.078231 0.007017 0.008532 0.062235
0.059247 0.081725 0.009753 0.068074 0.459177 0.322024
0.065705 0.477194 0.031074 0.235288 0.108171 0.082568
0.060941 0.706617 0.044768 0.061119 0.078698 0.047856
0.018583 0.317333 0.035129 0.056123 0.488897 0.083936
0.017337 0.353779 0.064610 0.199099 0.073390 0.291786
0.001418 0.016111 0.011667 0.011430 0.948576 0.010798
0.015410 0.471564 0.206639 0.069332 0.173775 0.063279
0.044468 0.557001 0.122349 0.037764 0.070213 0.168204
0.010266 0.216549 0.083179 0.231337 0.408159 0.050510
0.026544 0.214167 0.057505 0.295346 0.152276 0.254162
0.247463 0.516126 0.029753 0.043862 0.032124 0.130672
0.478191 0.371413 0.015453 0.058236 0.041622 0.035084
0.120083 0.659107 0.123150 0.034198 0.046613 0.016849
0.057014 0.218115 0.037274 0.578396 0.039646 0.069556
0.003288 0.032443 0.013776 0.015518 0.921826 0.013150
0.013545 0.081157 0.012137 0.747105 0.077872 0.068184
0.123709 0.725577 0.041496 0.015809 0.038750 0.054660
0.014051 0.268368 0.673743 0.012328 0.003653 0.027857
0.095750 0.625776 0.099404 0.058023 0.041132 0.079916
0.019549 0.195937 0.026770 0.034534 0.014472 0.708737
0.019101 0.110426 0.043695 0.109241 0.087188 0.630350
0.020240 0.103711 0.008646 0.535491 0.079561 0.252351
0.010029 0.112028 0.075205 0.227341 0.227934 0.347463
0.030884 0.046382 0.008719 0.693368 0.123804 0.096844
0.002743 0.018899 0.004738 0.020857 0.927297 0.025466
0.066516 0.202775 0.010023 0.230798 0.022439 0.467448
0.021480 0.230155 0.018144 0.061332 0.034559 0.634330
0.030374 0.333008 0.132395 0.302435 0.064456 0.137332
0.015357 0.047467 0.004030 0.271509 0.365405 0.296231
0.029448 0.128312 0.029281 0.136989 0.120776 0.555195
0.288255 0.348254 0.009304 0.035540 0.026486 0.292160
0.029387 0.213493 0.022325 0.261199 0.076332 0.397264
0.049988 0.359107 0.127706 0.028971 0.146480 0.287748
0.001522 0.012389 0.001747 0.297407 0.040160 0.646776
0.059115 0.420311 0.027795 0.125859 0.141177 0.225743
0.023713 0.088111 0.007942 0.371396 0.066862 0.441976
0.211005 0.481944 0.044851 0.023753 0.009062 0.229383
0.052080 0.707083 0.121251 0.030229 0.048556 0.040801
0.021808 0.039152 0.007319 0.720659 0.089164 0.121898
0.354255 0.278185 0.032274 0.042924 0.242979 0.049383
0.295971 0.578501 0.026683 0.023406 0.013385 0.062055
0.050777 0.697216 0.038150 0.074483 0.069400 0.069974
0.002989 0.010494 0.002052 0.747862 0.106919 0.129684
0.013764 0.187310 0.046906 0.191831 0.287747 0.272442
0.021857 0.045215 0.005006 0.341584 0.317460 0.268878
0.001637 0.018489 0.003579 0.071165 0.008051 0.897079
0.028534 0.396478 0.084355 0.096278 0.041784 0.352571
0.009056 0.073044 0.010564 0.081897 0.039215 0.786225
0.010674 0.232525 0.737296 0.004106 0.002642 0.012757
0.030103 0.249021 0.035985 0.421092 0.121473 0.142328
0.019823 0.214317 0.017524 0.231642 0.458141 0.058552
0.009294 0.410486 0.555901 0.003003 0.002850 0.018466
0.021612 0.150396 0.027568 0.271373 0.237650 0.291402
0.009104 0.257386 0.146469 0.055270 0.489965 0.041805
0.027864 0.551429 0.073412 0.091920 0.149184 0.106191
0.014547 0.355115 0.127493 0.077683 0.374041 0.051121
0.004926 0.036084 0.004345 0.506656 0.281528 0.166460
0.005195 0.080918 0.028889 0.124618 0.574197 0.186183
0.011598 0.027285 0.005201 0.036069 0.012504 0.907343
0.012076 0.024648 0.003050 0.045409 0.008784 0.906033
0.008013 0.188524 0.597199 0.038144 0.022507 0.145614
0.002073 0.014836 0.003064 0.026044 0.938583 0.015400
0.105144 0.371291 0.070471 0.226185 0.044657 0.182251
0.060799 0.391336 0.069296 0.044308 0.014957 0.419303
0.084490 0.325378 0.040703 0.088396 0.064012 0.397021
0.006068 0.160055 0.806662 0.008423 0.008016 0.010776
0.111030 0.552165 0.100929 0.129755 0.050827 0.055293
0.032942 0.122539 0.037604 0.143939 0.646168 0.016809
0.147669 0.481153 0.165019 0.077086 0.066043 0.063028
0.430651 0.205665 0.023723 0.268394 0.017312 0.054254
0.223224 0.346802 0.205645 0.131549 0.063476 0.029304
0.714097 0.100673 0.013538 0.102697 0.038317 0.030679
0.418676 0.390781 0.013411 0.072502 0.016260 0.088370
0.008787 0.070175 0.004022 0.345088 0.136220 0.435708
0.030532 0.433253 0.024857 0.125104 0.168129 0.218125
0.007988 0.119406 0.021548 0.013213 0.009649 0.828196
0.047110 0.381964 0.027905 0.027175 0.101150 0.414697
0.007891 0.202067 0.704852 0.006639 0.005716 0.072834
0.001090 0.007702 0.003424 0.734241 0.178202 0.075342
0.015386 0.129072 0.054966 0.062604 0.332767 0.405206
0.001732 0.019115 0.006368 0.075297 0.614882 0.282605
0.008195 0.020589 0.002021 0.640527 0.076647 0.252020
0.017846 0.402206 0.090716 0.197729 0.208368 0.083135
0.011163 0.104234 0.057851 0.040894 0.658083 0.127775
0.073319 0.432876 0.034876 0.030020 0.018759 0.410150
0.009508 0.310026 0.526061 0.028162 0.011442 0.114800
0.036354 0.555273 0.050528 0.073708 0.168628 0.115509
0.077426 0.288361 0.070674 0.371174 0.098345 0.094021
0.035339 0.102726 0.019870 0.182230 0.092626 0.567209
0.003922 0.165657 0.803234 0.004978 0.012493 0.009717
0.028956 0.285892 0.051553 0.053144 0.025459 0.554996
0.030209 0.363601 0.015639 0.266428 0.100619 0.223505
0.005391 0.130904 0.031348 0.068104 0.034549 0.729704
0.002479 0.014668 0.001195 0.863171 0.075500 0.042988
0.008352 0.065061 0.021572 0.317691 0.191636 0.395688
0.026034 0.316724 0.173666 0.037246 0.180841 0.265490
0.001779 0.020039 0.003094 0.200879 0.750255 0.023955
0.005328 0.033847 0.004774 0.122912 0.069553 0.763585
0.010407 0.195415 0.221972 0.076888 0.022651 0.472667
0.044519 0.255969 0.437653 0.030177 0.009850 0.221832
0.166469 0.432680 0.199583 0.021138 0.035534 0.144596
0.017927 0.148767 0.022282 0.145531 0.635191 0.030301
0.037044 0.170667 0.047963 0.322016 0.294802 0.127507
0.043190 0.128068 0.028454 0.606983 0.098262 0.095043
0.056137 0.491398 0.054643 0.051533 0.238651 0.107636
0.287437 0.278019 0.035102 0.277429 0.096658 0.025354
0.027306 0.311486 0.046314 0.094137 0.351705 0.169052
0.106675 0.570787 0.025933 0.108983 0.091877 0.095746
0.025479 0.222019 0.060979 0.440278 0.176196 0.075047
0.026325 0.331800 0.068011 0.123403 0.210182 0.240279
0.265577 0.609799 0.033046 0.027298 0.009616 0.054664
0.290271 0.519978 0.048482 0.026871 0.050095 0.064302
0.039514 0.147908 0.010014 0.400945 0.251308 0.150310
0.067106 0.655292 0.019545 0.025150 0.179562 0.053345
0.006747 0.051307 0.023392 0.039297 0.011532 0.867725
0.016893 0.227816 0.055173 0.217042 0.359413 0.123663
0.036785 0.361593 0.216875 0.141515 0.118005 0.125227
0.022909 0.509263 0.165870 0.112975 0.144328 0.044655
0.006887 0.182438 0.769955 0.016169 0.011962 0.012589
0.032981 0.582975 0.070945 0.102333 0.128076 0.082690
0.002048 0.036829 0.009726 0.012245 0.933658 0.005494
0.015062 0.303322 0.034594 0.299785 0.267278 0.079959
0.024153 0.433148 0.068400 0.082027 0.221302 0.170970
0.003868 0.102126 0.882256 0.003122 0.005172 0.003456
0.056886 0.466225 0.098459 0.093426 0.110747 0.174256
0.056855 0.451436 0.067962 0.201814 0.148568 0.073365
0.013836 0.259145 0.053653 0.032564 0.591900 0.048902
0.063489 0.415954 0.015136 0.239949 0.108168 0.157304
0.114268 0.243022 0.027341 0.228295 0.059352 0.327723
0.005000 0.024722 0.004159 0.785418 0.134902 0.045800
0.003470 0.028782 0.011408 0.026508 0.914811 0.015020
0.023984 0.106196 0.017519 0.511530 0.041304 0.299466
0.019446 0.206956 0.053944 0.283320 0.273839 0.162495
0.134763 0.620740 0.132092 0.050802 0.023926 0.037677
0.043666 0.184332 0.066455 0.257724 0.267622 0.180201
0.030429 0.505302 0.060711 0.101929 0.278318 0.023311
0.141794 0.733938 0.025801 0.026732 0.004443 0.067292
0.079080 0.101547 0.065877 0.028234 0.011300 0.713962
0.102503 0.078875 0.009209 0.013219 0.778014 0.018180
0.481335 0.454968 0.009080 0.014996 0.009253 0.030367
0.089815 0.195964 0.083487 0.024095 0.008045 0.598594
0.012429 0.047270 0.014746 0.035253 0.829503 0.060800
0.331263 0.368025 0.121062 0.032219 0.039212 0.108219
0.260099 0.447305 0.055694 0.163683 0.040063 0.033156
0.329348 0.590711 0.033210 0.006085 0.007047 0.033599
0.007977 0.145162 0.826776 0.004156 0.002340 0.013590
0.122116 0.205613 0.024817 0.197082 0.130343 0.320029
0.006869 0.151822 0.767601 0.018430 0.021989 0.033289
0.004936 0.044405 0.004105 0.018215 0.919588 0.008750
0.120375 0.179381 0.031544 0.197672 0.045927 0.425101
0.010561 0.026972 0.009558 0.041752 0.901057 0.010100
0.008581 0.041266 0.012237 0.025998 0.894490 0.017428
0.591802 0.222925 0.015234 0.055505 0.071535 0.042999
0.050737 0.559233 0.073497 0.157022 0.099359 0.060152
0.166399 0.119963 0.057393 0.053289 0.031116 0.571842
0.239981 0.249716 0.033282 0.052570 0.025969 0.398482
0.087229 0.339929 0.017341 0.016057 0.005989 0.533456
0.002600 0.021020 0.007172 0.037125 0.011391 0.920692
0.012479 0.164625 0.031932 0.015695 0.026359 0.748909
0.051077 0.639616 0.069799 0.052503 0.045232 0.141773
0.419568 0.346616 0.021244 0.057123 0.056640 0.098810
0.066438 0.779114 0.030487 0.031507 0.021684 0.070770
0.018345 0.058611 0.030682 0.062463 0.011854 0.818046
0.070270 0.442730 0.124676 0.006185 0.015684 0.340455
0.016131 0.070608 0.008742 0.027607 0.829643 0.047269
0.002026 0.011709 0.001252 0.013809 0.967275 0.003929
0.122929 0.571693 0.058991 0.096096 0.030526 0.119766
0.040382 0.820142 0.109248 0.007307 0.009113 0.013808
0.206966 0.492410 0.051591 0.044377 0.158685 0.045971
0.028112 0.134735 0.014265 0.045805 0.758150 0.018934
0.234818 0.216979 0.026036 0.022541 0.004398 0.495229
0.009298 0.102580 0.047560 0.040325 0.018147 0.782090
0.025445 0.687392 0.258456 0.004327 0.006076 0.018304
0.107404 0.148367 0.073467 0.014271 0.013239 0.643253
0.052979 0.605877 0.082051 0.084059 0.077964 0.097070
0.039759 0.709803 0.079373 0.027623 0.060810 0.082632
0.003628 0.081834 0.162385 0.087853 0.039520 0.624781
0.018615 0.375705 0.105012 0.064163 0.372315 0.064189
0.018222 0.300244 0.029523 0.052622 0.535613 0.063776
0.035339 0.446069 0.021856 0.078821 0.264540 0.153374
0.051377 0.777268 0.039557 0.029699 0.051967 0.050132
0.005922 0.099897 0.033334 0.245777 0.207351 0.407719
0.035048 0.450198 0.061888 0.142743 0.142001 0.168123
0.046511 0.330435 0.048062 0.054007 0.102862 0.418122
0.013562 0.471171 0.395083 0.023762 0.038757 0.057665
0.001819 0.011634 0.002940 0.051550 0.855244 0.076814
0.002536 0.033902 0.014295 0.026460 0.877124 0.045684
0.003093 0.016942 0.002566 0.063193 0.887916 0.026290
0.023568 0.288991 0.624397 0.022942 0.016910 0.023191
0.036294 0.314520 0.023527 0.160077 0.350479 0.115102
0.183120 0.452791 0.027247 0.111948 0.052427 0.172466
0.081630 0.329601 0.046676 0.135623 0.059192 0.347278
0.103175 0.145895 0.013691 0.143510 0.034480 0.559249
0.049603 0.597358 0.035637 0.037340 0.223392 0.056671
0.003681 0.022790 0.003225 0.114376 0.732212 0.123716
0.004980 0.097874 0.021576 0.393322 0.381131 0.101116
0.032506 0.383658 0.093012 0.059122 0.049958 0.381742
0.094075 0.568015 0.057094 0.040791 0.017420 0.222605
0.000965 0.003935 0.000745 0.004194 0.988729 0.001432
0.003647 0.044427 0.009761 0.608123 0.089363 0.244677
0.017275 0.261411 0.033015 0.329753 0.196579 0.161966
0.035017 0.678980 0.249829 0.011561 0.005928 0.018686
0.195314 0.542953 0.088879 0.031959 0.044913 0.095981
0.033056 0.412540 0.109579 0.068307 0.071653 0.304865
0.012142 0.081469 0.004707 0.016095 0.871901 0.013684
0.028722 0.051200 0.006640 0.093241 0.016479 0.803718
0.026987 0.081911 0.008442 0.365724 0.048786 0.468150
0.039296 0.202328 0.010055 0.307356 0.185701 0.255264
0.048445 0.637762 0.040613 0.060987 0.097147 0.115045
0.066098 0.463761 0.035395 0.057569 0.233083 0.144095
0.003130 0.021671 0.007075 0.208157 0.037569 0.722397
0.233399 0.160809 0.013738 0.103224 0.048043 0.440787
0.467986 0.243925 0.016389 0.143084 0.010562 0.118053
0.105301 0.271932 0.033952 0.252350 0.075077 0.261388
0.188998 0.444265 0.018644 0.166362 0.070377 0.111354
0.188878 0.569933 0.016819 0.055022 0.014068 0.155281
0.006271 0.081584 0.042711 0.022877 0.005613 0.840943
0.017019 0.571383 0.070290 0.040438 0.240894 0.059976
0.006812 0.190095 0.117819 0.116803 0.211513 0.356958
0.019551 0.485313 0.082370 0.200309 0.106355 0.106102
0.009822 0.210594 0.057047 0.227611 0.383019 0.111906
0.003081 0.111224 0.108201 0.192406 0.504284 0.080804
0.000955 0.011160 0.003005 0.086551 0.870646 0.027682
0.105762 0.191536 0.027566 0.050906 0.019138 0.605093
0.019953 0.127567 0.018654 0.566995 0.130781 0.136049
0.041847 0.191666 0.023714 0.261304 0.206997 0.274473
0.014057 0.055700 0.005118 0.539901 0.134451 0.250773
0.177732 0.299589 0.018418 0.084066 0.107614 0.312582
0.008774 0.047348 0.008166 0.078246 0.726577 0.130889
0.008039 0.038136 0.006040 0.138327 0.738576 0.070881
0.013563 0.150151 0.025595 0.128602 0.144591 0.537497
0.006779 0.034364 0.004852 0.105092 0.008993 0.839921
0.009975 0.225463 0.036435 0.325678 0.254990 0.147459
0.016831 0.503971 0.131399 0.046484 0.128109 0.173207
0.005989 0.277854 0.679244 0.007202 0.017867 0.011844
0.037416 0.767025 0.057231 0.023326 0.076030 0.038972
0.007553 0.196654 0.079440 0.355568 0.129096 0.231690
0.008299 0.147787 0.065435 0.109826 0.595249 0.073404
0.008963 0.218514 0.141730 0.248711 0.208943 0.173139
0.007547 0.147038 0.051711 0.201508 0.543477 0.048719
0.017208 0.332374 0.079945 0.280640 0.234044 0.055789
0.128286 0.798288 0.022096 0.018796 0.017560 0.014974
0.056997 0.421263 0.042174 0.312494 0.084746 0.082326
0.038900 0.529093 0.027736 0.045280 0.260002 0.098989
0.165063 0.349108 0.022124 0.215147 0.219295 0.029262
0.027570 0.553914 0.088916 0.079582 0.099835 0.150183
0.042129 0.815990 0.076339 0.020152 0.011581 0.033809
0.006724 0.108261 0.041478 0.381507 0.363510 0.098521
0.003156 0.048173 0.029634 0.308462 0.431499 0.179076
0.014365 0.316709 0.525865 0.041452 0.043700 0.057910
0.054462 0.660454 0.029439 0.094022 0.051359 0.110264
0.016223 0.109360 0.051675 0.144877 0.049869 0.627997
0.143770 0.180937 0.013234 0.060638 0.300278 0.301142
0.026542 0.203272 0.012332 0.073286 0.088595 0.595972
0.002836 0.024442 0.003757 0.149493 0.767176 0.052297
0.001207 0.010487 0.001721 0.010297 0.965819 0.010468
0.004105 0.053358 0.011537 0.078720 0.420277 0.432003
0.041732 0.357777 0.034429 0.313350 0.133054 0.119658
0.158157 0.435076 0.033934 0.102276 0.041389 0.229168
0.010234 0.476126 0.359966 0.018801 0.109930 0.024944
0.007935 0.126682 0.042111 0.313450 0.327640 0.182182
0.041588 0.369356 0.362720 0.029628 0.079229 0.117480
0.131179 0.358479 0.152865 0.034375 0.089695 0.233408
0.005974 0.048098 0.018112 0.033701 0.875238 0.018876
0.118876 0.533899 0.138868 0.044693 0.037337 0.126327
0.039635 0.322923 0.333061 0.049470 0.092697 0.162215
0.040409 0.601472 0.251647 0.046210 0.040200 0.020061
0.195515 0.428897 0.164798 0.073117 0.093016 0.044656
0.003949 0.025382 0.005098 0.113644 0.696948 0.154980
0.080482 0.485791 0.365538 0.015428 0.006163 0.046598
0.002167 0.021134 0.012908 0.144518 0.025658 0.793616
0.009349 0.038721 0.005514 0.774162 0.096397 0.075857
0.124383 0.339338 0.061900 0.138933 0.072096 0.263351
0.025305 0.105578 0.008074 0.692599 0.042433 0.126012
0.077547 0.345025 0.026480 0.069671 0.061043 0.420234
0.093117 0.286941 0.024701 0.087137 0.094292 0.413811
0.026444 0.255048 0.026921 0.073786 0.505539 0.112262
0.021434 0.209183 0.084153 0.174951 0.056806 0.453473
0.033091 0.505075 0.056074 0.046127 0.316739 0.042894
0.072417 0.863735 0.030487 0.009201 0.011073 0.013087
0.024121 0.308331 0.036528 0.173250 0.385720 0.072049
0.012539 0.390995 0.123248 0.154131 0.220118 0.098970
0.004316 0.046066 0.005558 0.436366 0.472004 0.035690
0.004738 0.051848 0.008058 0.509534 0.069518 0.356304
0.012974 0.176493 0.644113 0.008279 0.006131 0.152009
0.014578 0.080341 0.019954 0.490875 0.240050 0.154201
0.106699 0.535731 0.034241 0.121929 0.165647 0.035753
0.128775 0.263332 0.015960 0.025385 0.530215 0.036333
0.058625 0.858106 0.052560 0.009967 0.009981 0.010762
0.129326 0.570952 0.034892 0.019422 0.056638 0.188769
0.037566 0.184015 0.032686 0.229611 0.162480 0.353642
0.022248 0.127951 0.016619 0.029283 0.677705 0.126194
0.005393 0.051773 0.054458 0.034620 0.011320 0.842436
0.043694 0.636614 0.053071 0.040227 0.058752 0.167641
0.027703 0.393682 0.182504 0.117340 0.119443 0.159327
0.062254 0.146095 0.016254 0.581427 0.092965 0.101006
0.279903 0.495758 0.021571 0.081673 0.028370 0.092724
0.018468 0.025502 0.002826 0.017871 0.921007 0.014326
0.027844 0.384597 0.020304 0.263808 0.186483 0.116964
0.075399 0.661401 0.029777 0.015988 0.011232 0.206202
0.024978 0.234506 0.231462 0.213856 0.075057 0.220141
0.004979 0.028300 0.015368 0.006088 0.940085 0.005180
0.009645 0.064193 0.007683 0.719839 0.139923 0.058715
0.042298 0.671395 0.087406 0.024560 0.055101 0.119241
0.082340 0.363246 0.029221 0.133108 0.046198 0.345887
0.030595 0.438077 0.140113 0.022921 0.075442 0.292850
0.038311 0.179459 0.014320 0.291948 0.123426 0.352537
0.032246 0.097769 0.017404 0.419937 0.123171 0.309473
0.009009 0.098889 0.011494 0.739003 0.069374 0.072231
0.052943 0.296448 0.098145 0.226856 0.134758 0.190851
0.113619 0.322430 0.033765 0.238570 0.148620 0.142996
0.130895 0.500224 0.016799 0.040984 0.049105 0.261993
0.028523 0.177831 0.027456 0.551914 0.164276 0.050000
0.009645 0.038274 0.012903 0.030035 0.006234 0.902910
0.032645 0.199564 0.042471 0.103501 0.169022 0.452798
0.014750 0.101441 0.024594 0.086351 0.237520 0.535343
0.172007 0.666240 0.057573 0.014944 0.054055 0.035181
0.007033 0.044166 0.007209 0.620167 0.032091 0.289334
0.072998 0.200187 0.024302 0.039706 0.019962 0.642846
0.040083 0.244386 0.012740 0.355173 0.148415 0.199203
0.058581 0.345541 0.022690 0.061565 0.206879 0.304744
0.152506 0.400816 0.143557 0.114322 0.012201 0.176598
0.003714 0.033024 0.014250 0.010771 0.917449 0.020791
0.001076 0.014376 0.008013 0.009824 0.963439 0.003272
0.071461 0.593823 0.059937 0.095074 0.088990 0.090714
0.063454 0.532486 0.144837 0.040147 0.045524 0.173553
0.003223 0.070490 0.918820 0.000769 0.000991 0.005706
0.082108 0.188481 0.054527 0.185902 0.159007 0.329976
0.048487 0.518655 0.085501 0.039696 0.158743 0.148918
0.004606 0.059044 0.025605 0.035833 0.740761 0.134150
0.004386 0.068544 0.035875 0.053947 0.033170 0.804077
0.267650 0.651581 0.017345 0.005665 0.010010 0.047750
0.023086 0.061664 0.016067 0.164018 0.563654 0.171511
0.127053 0.188499 0.057605 0.178121 0.262971 0.185751
0.024466 0.132043 0.007998 0.218907 0.085410 0.531176
0.056815 0.206793 0.044565 0.419989 0.086566 0.185273
0.306156 0.239587 0.011429 0.073296 0.057055 0.312477
0.004072 0.017624 0.002969 0.005687 0.957972 0.011675
0.122573 0.204388 0.015717 0.466459 0.138458 0.052405
0.015719 0.170868 0.039988 0.438221 0.239570 0.095633
0.115601 0.775839 0.038948 0.035282 0.024036 0.010293
0.371009 0.556758 0.039032 0.005124 0.009868 0.018208
0.159326 0.745028 0.028037 0.024835 0.027718 0.015056
0.029128 0.070404 0.009466 0.031211 0.803922 0.055870
0.043195 0.247375 0.042884 0.298080 0.138923 0.229544
0.022712 0.215725 0.076687 0.094093 0.306924 0.283859
0.012508 0.687577 0.263474 0.009476 0.006578 0.020387
0.003449 0.034804 0.017806 0.211928 0.020148 0.711864
0.009718 0.112687 0.046595 0.012007 0.012167 0.806826
0.005984 0.112014 0.875640 0.001117 0.001113 0.004132
0.005117 0.034297 0.019906 0.092099 0.728092 0.120488
0.002559 0.012199 0.001837 0.043909 0.923056 0.016440
0.014592 0.132228 0.044082 0.329807 0.169267 0.310024
0.081525 0.612899 0.066338 0.135578 0.052365 0.051294
0.049404 0.439457 0.345000 0.052772 0.059041 0.054326
0.022082 0.282608 0.030264 0.113987 0.157732 0.393327
0.011029 0.150292 0.097426 0.193256 0.298508 0.249489
0.000881 0.009413 0.005912 0.015284 0.934487 0.034022
0.005860 0.112292 0.092740 0.119470 0.075309 0.594328
0.016766 0.258978 0.060171 0.187501 0.141000 0.335583
0.026316 0.462009 0.377981 0.027040 0.068650 0.038004
0.097324 0.217581 0.069281 0.021279 0.018632 0.575903
0.028299 0.411644 0.229670 0.096457 0.122587 0.111343
0.073649 0.788095 0.027572 0.022368 0.020443 0.067872
0.101430 0.235465 0.012798 0.287176 0.290636 0.072495
0.154335 0.760206 0.020351 0.014195 0.004627 0.046286
0.012238 0.069308 0.042966 0.089015 0.462271 0.324201
0.002699 0.023820 0.006352 0.049541 0.736403 0.181184
0.010198 0.043884 0.006724 0.089117 0.809584 0.040494
0.092172 0.194541 0.056626 0.454140 0.124495 0.078026
0.396847 0.309313 0.017759 0.127113 0.085579 0.063389
0.732693 0.176783 0.016471 0.030104 0.004892 0.039056
0.856067 0.099595 0.006371 0.006206 0.011116 0.020645
0.469408 0.211872 0.021178 0.075662 0.063029 0.158850
0.067010 0.295137 0.012107 0.221522 0.327812 0.076412
0.153499 0.723941 0.022370 0.025496 0.006874 0.067820
0.008947 0.065383 0.041072 0.081474 0.427888 0.375236
0.004499 0.030941 0.009067 0.044417 0.787660 0.123415
0.006906 0.030754 0.005110 0.100318 0.798897 0.058015
0.121714 0.287997 0.031856 0.332852 0.131697 0.093885
0.233479 0.225471 0.052890 0.352636 0.082226 0.053299
0.817237 0.140216 0.008669 0.007824 0.003769 0.022285
0.002568 0.018163 0.002756 0.819938 0.111303 0.045272
0.026116 0.293831 0.031616 0.116383 0.096962 0.435091
0.070996 0.505347 0.025972 0.047497 0.056120 0.294069
0.019638 0.114286 0.009949 0.132541 0.071741 0.651845
0.048277 0.242960 0.035616 0.047174 0.063654 0.562320
0.015805 0.508967 0.340912 0.046392 0.035052 0.052872
0.187053 0.528950 0.027438 0.074002 0.065878 0.116680
0.005293 0.072289 0.012416 0.181542 0.066922 0.661538
0.030212 0.295699 0.033291 0.062004 0.105022 0.473771
0.118499 0.589210 0.080861 0.098328 0.082094 0.031008
0.007670 0.043848 0.007158 0.027724 0.894181 0.019419
0.153512 0.335554 0.125971 0.054923 0.017840 0.312201
0.027709 0.246138 0.136644 0.424915 0.072966 0.091628
0.078917 0.498560 0.082820 0.205917 0.103409 0.030378
0.424348 0.368316 0.063450 0.065512 0.052338 0.026037
0.025556 0.236299 0.019902 0.591197 0.099275 0.027772
0.026214 0.720197 0.088265 0.039603 0.036222 0.089499
0.003382 0.029435 0.009002 0.045469 0.197593 0.715120
0.797921 0.156456 0.007667 0.007826 0.012509 0.017621
0.132582 0.674736 0.069858 0.063132 0.028560 0.031131
0.008963 0.047272 0.006188 0.034871 0.877475 0.025231
0.136019 0.362667 0.224210 0.037056 0.015700 0.224347
0.030140 0.182166 0.120566 0.527728 0.075933 0.063467
0.074586 0.509858 0.083905 0.145261 0.125036 0.061354
0.430557 0.295017 0.025512 0.181831 0.047852 0.019232
0.017503 0.215610 0.054135 0.502262 0.155845 0.054645
0.105182 0.798842 0.029250 0.017032 0.014102 0.035592
0.029120 0.340960 0.045879 0.297847 0.134785 0.151409
0.327294 0.294079 0.021412 0.158223 0.140346 0.058645
0.034352 0.145687 0.007536 0.029313 0.741957 0.041156
0.099579 0.306669 0.027610 0.306472 0.187322 0.072347
0.163923 0.736820 0.019226 0.019075 0.019044 0.041912
0.169589 0.403933 0.034516 0.101653 0.207121 0.083189
0.428912 0.415600 0.027735 0.017460 0.021815 0.088479
0.372861 0.402244 0.017875 0.049331 0.026811 0.130879
0.074408 0.569564 0.062240 0.058362 0.070576 0.164850
0.018596 0.036206 0.010548 0.126140 0.556532 0.251979
0.019290 0.156702 0.045747 0.085977 0.220747 0.471538
0.060302 0.332663 0.053059 0.083583 0.345379 0.125014
0.099463 0.280991 0.070120 0.439873 0.016457 0.093096
0.390859 0.297063 0.082862 0.014203 0.032675 0.182339
0.498585 0.368423 0.017685 0.059287 0.014786 0.041233
0.100103 0.749363 0.019576 0.016565 0.013277 0.101116
0.005720 0.043036 0.023058 0.176310 0.545960 0.205917
0.034737 0.175150 0.032559 0.211377 0.049104 0.497075
0.108959 0.263930 0.029015 0.095058 0.066146 0.436892
0.051991 0.444257 0.126456 0.062111 0.047605 0.267581
0.016437 0.054146 0.014007 0.013583 0.004913 0.896915
0.003365 0.105638 0.851336 0.013490 0.013437 0.012734
0.000897 0.005682 0.001681 0.026115 0.959452 0.006172
0.027804 0.687828 0.128579 0.042932 0.076601 0.036256
0.047500 0.484501 0.045478 0.067390 0.138436 0.216694
0.028149 0.538164 0.152460 0.129219 0.108117 0.043892
0.131844 0.630313 0.070550 0.032233 0.095063 0.039997
0.041182 0.594779 0.086341 0.058396 0.052469 0.166832
0.376440 0.487820 0.076555 0.014690 0.012279 0.032217
0.083809 0.271775 0.029032 0.300559 0.157156 0.157669
0.020064 0.165612 0.021167 0.032382 0.013191 0.747583
0.002690 0.009801 0.004537 0.346184 0.016901 0.619887
0.016381 0.156737 0.012681 0.138950 0.067030 0.608222
0.374124 0.353759 0.029718 0.041455 0.012950 0.187994
0.049322 0.455069 0.043993 0.101086 0.056480 0.294050
0.072939 0.271429 0.011908 0.359374 0.178661 0.105689
0.076091 0.194085 0.040853 0.062621 0.022081 0.604268
0.033415 0.529032 0.132101 0.065088 0.091732 0.148632
0.006289 0.078267 0.045914 0.215898 0.301091 0.352541
0.017308 0.425765 0.193890 0.053866 0.138581 0.170589
0.011309 0.095424 0.016952 0.143697 0.530715 0.201902
0.008094 0.177118 0.041393 0.274043 0.096564 0.402787
0.069981 0.128802 0.009360 0.212101 0.080613 0.499143
0.069435 0.820966 0.030703 0.006006 0.014768 0.058123
0.034684 0.359299 0.024400 0.289101 0.210882 0.081634
0.052016 0.534658 0.108359 0.085533 0.019888 0.199546
0.009030 0.100600 0.033382 0.335690 0.326370 0.194928
0.004743 0.160674 0.729097 0.012148 0.020539 0.072798
0.018431 0.263546 0.028250 0.440168 0.157800 0.091806
0.049850 0.740949 0.113683 0.046287 0.031181 0.018050
0.154874 0.493590 0.070597 0.071988 0.125549 0.083402
0.042960 0.838006 0.076897 0.014850 0.017523 0.009763
0.014631 0.134395 0.013913 0.332460 0.475049 0.029552
0.029759 0.660227 0.130078 0.024619 0.116618 0.038698
0.003291 0.027426 0.020000 0.054584 0.861134 0.033566
0.040379 0.139672 0.013854 0.086192 0.091335 0.628569
0.071980 0.254347 0.022605 0.042738 0.054683 0.553648
0.064496 0.608304 0.086831 0.047954 0.024650 0.167765
0.209111 0.231057 0.028430 0.073994 0.089191 0.368217
0.009837 0.277104 0.662846 0.012262 0.010531 0.027419
0.082900 0.810190 0.033699 0.009765 0.028297 0.035149
0.019838 0.107695 0.054754 0.413604 0.038254 0.365855
0.041881 0.441560 0.104038 0.070665 0.149789 0.192067
0.090025 0.344264 0.110480 0.217355 0.086176 0.151700
0.130068 0.376575 0.167575 0.021356 0.169782 0.134645
0.045621 0.200238 0.006144 0.526884 0.166045 0.055069
0.032662 0.244597 0.087156 0.135531 0.129896 0.370158
0.104752 0.089464 0.014873 0.612249 0.083690 0.094973
0.029235 0.345423 0.037890 0.148305 0.313303 0.125843
0.150685 0.470630 0.040810 0.161163 0.069051 0.107661
0.026305 0.501960 0.049946 0.029402 0.176998 0.215388
0.016535 0.395748 0.062563 0.194751 0.232131 0.098272
0.030508 0.149399 0.030245 0.327893 0.199639 0.262316
0.077113 0.681635 0.083063 0.006394 0.019977 0.131817
0.016438 0.059556 0.011596 0.531740 0.130411 0.250259
0.089710 0.624497 0.027188 0.016759 0.054176 0.187670
0.004829 0.030045 0.004329 0.126086 0.501064 0.333646
0.031573 0.169419 0.022621 0.298109 0.130766 0.347513
0.002421 0.017547 0.002100 0.013063 0.951329 0.013539
0.116148 0.559726 0.057382 0.129845 0.043495 0.093404
0.098092 0.732622 0.065849 0.009452 0.071034 0.022951
0.008687 0.086743 0.024816 0.528923 0.073765 0.277066
0.005178 0.033190 0.009570 0.024364 0.872221 0.055477
0.411097 0.256282 0.055523 0.121475 0.022404 0.133220
0.060763 0.334876 0.057189 0.059714 0.046767 0.440690
0.003321 0.050805 0.028328 0.014325 0.893153 0.010068
0.052360 0.416443 0.034252 0.134163 0.221251 0.141532
0.006084 0.031599 0.005574 0.044284 0.872220 0.040239
0.007799 0.212690 0.732518 0.007476 0.030004 0.009514
0.021586 0.038035 0.011399 0.063321 0.730662 0.134997
0.286216 0.262888 0.035187 0.087954 0.014875 0.312880
0.067701 0.600603 0.131481 0.045319 0.045035 0.109861
0.142373 0.593748 0.084660 0.036860 0.037060 0.105299
0.289543 0.629430 0.019391 0.010918 0.018828 0.031892
0.012526 0.044157 0.004267 0.864738 0.061528 0.012783
0.247735 0.635816 0.024112 0.005934 0.009623 0.076781
0.067778 0.117932 0.016650 0.375362 0.092747 0.329530
0.030028 0.394086 0.041794 0.106363 0.375301 0.052427
0.051626 0.646332 0.027877 0.063771 0.171419 0.038975
0.026279 0.200056 0.039838 0.143649 0.302321 0.287857
0.044069 0.108814 0.018416 0.121970 0.270436 0.436296
0.029726 0.196616 0.020031 0.219363 0.020208 0.514056
0.219093 0.442939 0.052238 0.147213 0.042207 0.096309
0.051741 0.069240 0.003461 0.023731 0.838134 0.013693
0.010633 0.041340 0.002041 0.010926 0.928140 0.006921
0.027566 0.115397 0.019286 0.572888 0.098640 0.166222
0.156095 0.520748 0.107648 0.012802 0.016442 0.186265
0.565030 0.324453 0.055546 0.002535 0.003867 0.048568
0.039921 0.048137 0.008108 0.047965 0.849785 0.006084
0.030160 0.048473 0.006742 0.853041 0.037159 0.024424
0.788552 0.144691 0.008247 0.012381 0.005621 0.040508
0.342300 0.136423 0.018249 0.130059 0.298028 0.074941
0.804368 0.163556 0.017147 0.002963 0.004724 0.007241
0.059340 0.393168 0.089842 0.201879 0.181579 0.074193
0.276154 0.624948 0.034804 0.011635 0.033182 0.019276
0.624537 0.138540 0.032961 0.096358 0.010243 0.097361
0.076533 0.405970 0.046132 0.199402 0.175984 0.095978
0.006314 0.067316 0.040457 0.009055 0.005427 0.871431
0.016312 0.132021 0.024235 0.021839 0.741937 0.063656
0.053860 0.337431 0.046589 0.346420 0.086346 0.129354
0.065992 0.502159 0.095394 0.036523 0.036475 0.263457
0.062205 0.154644 0.012496 0.171184 0.193121 0.406349
0.095871 0.337618 0.045579 0.075662 0.107637 0.337633
0.009038 0.103639 0.034205 0.026173 0.024476 0.802469
0.038365 0.803808 0.044445 0.023586 0.029613 0.060181
0.020480 0.127310 0.017792 0.131508 0.159799 0.543113
0.013876 0.386289 0.113055 0.029270 0.268518 0.188993
0.006062 0.292924 0.606257 0.034990 0.029725 0.030042
0.003252 0.040465 0.017828 0.300871 0.081621 0.555963
0.002900 0.157638 0.692526 0.020117 0.038693 0.088126
0.007176 0.251994 0.582236 0.068493 0.038961 0.051141
0.002172 0.023306 0.012386 0.054311 0.857005 0.050821
0.002889 0.147716 0.759963 0.015025 0.024821 0.049585
0.014996 0.260702 0.035558 0.151544 0.455241 0.081959
0.009948 0.162928 0.135946 0.259434 0.202160 0.229584
0.011132 0.086052 0.062139 0.084350 0.387344 0.368984
0.050859 0.374557 0.208640 0.090416 0.039121 0.236407
0.040145 0.091152 0.043288 0.088183 0.346180 0.391051
0.080450 0.352372 0.329130 0.182581 0.025567 0.029900
0.146070 0.178400 0.005988 0.369622 0.100277 0.199643
0.040034 0.078886 0.019958 0.242318 0.199227 0.419577
0.233333 0.527989 0.036443 0.008461 0.010050 0.183724
0.110248 0.212481 0.031948 0.228068 0.149997 0.267258
0.163609 0.433722 0.082514 0.192880 0.052530 0.074746
0.037372 0.300195 0.020652 0.161286 0.261952 0.218543
0.028963 0.286585 0.015134 0.130797 0.415529 0.122992
0.013668 0.499542 0.436968 0.011616 0.008057 0.030149
0.016139 0.324513 0.044093 0.061218 0.436846 0.117191
0.004767 0.058878 0.005849 0.008588 0.909372 0.012547
0.011538 0.229938 0.055185 0.092221 0.397120 0.213998
0.017457 0.228270 0.039489 0.084449 0.149958 0.480377
0.068470 0.423059 0.186654 0.046513 0.054526 0.220778
0.001894 0.008907 0.003362 0.011764 0.964281 0.009792
0.004160 0.056436 0.010944 0.045742 0.617316 0.265401
0.147649 0.627386 0.013251 0.059650 0.035038 0.117027
0.005810 0.026798 0.006514 0.027612 0.870250 0.063016
0.082390 0.086980 0.016344 0.130396 0.071887 0.612004
0.049535 0.466779 0.026590 0.285579 0.089219 0.082298
0.049535 0.466779 0.026590 0.285579 0.089219 0.082298
0.026980 0.072732 0.012482 0.021210 0.013304 0.853292
0.009931 0.141283 0.055188 0.069085 0.525986 0.198527
0.118766 0.502186 0.040161 0.025283 0.080484 0.233119
0.001437 0.008776 0.001391 0.162923 0.813295 0.012179
0.036619 0.115429 0.048073 0.636994 0.129579 0.033306
0.041497 0.146484 0.029602 0.503329 0.218885 0.060203
0.444482 0.250666 0.017108 0.151697 0.022758 0.113288
0.057515 0.078896 0.008284 0.036414 0.798194 0.020697
0.077308 0.366632 0.034872 0.178932 0.176570 0.165686
0.231660 0.659058 0.037528 0.028736 0.014527 0.028490
0.231660 0.659058 0.037528 0.028736 0.014527 0.028490
0.007925 0.045675 0.019544 0.821287 0.070896 0.034673
0.338688 0.240436 0.038700 0.091601 0.125634 0.164941
0.207272 0.573177 0.015929 0.022118 0.010069 0.171435
0.434661 0.341528 0.068895 0.034039 0.038117 0.082761
0.631685 0.267202 0.030079 0.009827 0.008888 0.052320
0.109376 0.375582 0.085578 0.085698 0.028020 0.315746
0.001850 0.016519 0.004138 0.451504 0.201870 0.324120
0.001850 0.016519 0.004138 0.451504 0.201870 0.324120
0.005361 0.039225 0.006555 0.147442 0.102439 0.698978
0.015471 0.342217 0.542204 0.038678 0.014111 0.047319
0.015471 0.342217 0.542204 0.038678 0.014111 0.047319
0.013426 0.214470 0.017984 0.390890 0.311368 0.051863
0.013426 0.214470 0.017984 0.390890 0.311368 0.051863
0.012451 0.113677 0.075705 0.047262 0.011814 0.739091
0.016397 0.487671 0.424503 0.006029 0.015563 0.049837
0.008487 0.372768 0.587887 0.004739 0.003147 0.022972
0.002147 0.016500 0.008296 0.034803 0.016580 0.921674
0.017370 0.826120 0.095293 0.006186 0.011425 0.043606
0.017370 0.826120 0.095293 0.006186 0.011425 0.043606
0.057753 0.360257 0.018100 0.227826 0.127020 0.209043
0.046775 0.571562 0.166540 0.075899 0.008473 0.130750
0.046775 0.571562 0.166540 0.075899 0.008473 0.130750
0.023913 0.280506 0.128398 0.063646 0.413183 0.090354
0.094890 0.154786 0.020495 0.165757 0.024818 0.539253
0.094890 0.154786 0.020495 0.165757 0.024818 0.539253
0.018766 0.445139 0.394252 0.029833 0.007020 0.104991
0.018766 0.445139 0.394252 0.029833 0.007020 0.104991
0.010092 0.251143 0.676554 0.011148 0.012946 0.038117
0.010092 0.251143 0.676554 0.011148 0.012946 0.038117
0.069800 0.247904 0.014969 0.414301 0.113402 0.139624
0.110376 0.479971 0.014191 0.083189 0.272409 0.039864
0.110376 0.479971 0.014191 0.083189 0.272409 0.039864
0.018230 0.543621 0.110665 0.109667 0.090199 0.127618
0.040666 0.505431 0.446579 0.001082 0.001604 0.004638
0.040666 0.505431 0.446579 0.001082 0.001604 0.004638
0.052391 0.773614 0.120512 0.003352 0.006552 0.043578
0.317248 0.511194 0.027160 0.029546 0.033255 0.081598
0.116734 0.689334 0.026490 0.031519 0.070611 0.065312
0.116734 0.689334 0.026490 0.031519 0.070611 0.065312
0.014563 0.136980 0.017552 0.146349 0.648252 0.036303
0.044143 0.691484 0.055107 0.019564 0.081103 0.108600
0.056198 0.867968 0.017342 0.010224 0.009083 0.039186
0.008236 0.054466 0.003827 0.033507 0.870251 0.029713
0.002319 0.020115 0.003614 0.013889 0.942138 0.017924
0.006439 0.226156 0.663258 0.020146 0.021198 0.062803
0.055002 0.614219 0.108312 0.106371 0.062732 0.053365
0.000570 0.007625 0.002723 0.011292 0.969990 0.007801
0.000570 0.007625 0.002723 0.011292 0.969990 0.007801
0.042651 0.686112 0.039769 0.067881 0.116911 0.046677
0.020608 0.297319 0.097386 0.306683 0.200890 0.077113
0.057100 0.372572 0.434408 0.011772 0.023872 0.100275
0.057100 0.372572 0.434408 0.011772 0.023872 0.100275
0.031877 0.405358 0.025940 0.183792 0.310168 0.042864
0.001966 0.013380 0.010591 0.092011 0.010747 0.871306
0.001966 0.013380 0.010591 0.092011 0.010747 0.871306
0.023546 0.061846 0.010528 0.078410 0.704404 0.121265
0.044586 0.640917 0.085410 0.066477 0.078551 0.084059
0.030006 0.199488 0.017739 0.060514 0.029781 0.662472
0.066001 0.426384 0.028439 0.079636 0.130093 0.269446
0.066001 0.426384 0.028439 0.079636 0.130093 0.269446
0.008538 0.192745 0.301212 0.032702 0.407725 0.057079
0.008538 0.192745 0.301212 0.032702 0.407725 0.057079
0.001405 0.006693 0.001154 0.010175 0.974812 0.005762
0.001405 0.006693 0.001154 0.010175 0.974812 0.005762
0.059247 0.081725 0.009753 0.068074 0.459177 0.322024
0.059247 0.081725 0.009753 0.068074 0.459177 0.322024
0.065705 0.477194 0.031074 0.235288 0.108171 0.082568
0.060941 0.706617 0.044768 0.061119 0.078698 0.047856
0.018583 0.317333 0.035129 0.056123 0.488897 0.083936
0.018583 0.317333 0.035129 0.056123 0.488897 0.083936
0.001418 0.016111 0.011667 0.011430 0.948576 0.010798
0.001418 0.016111 0.011667 0.011430 0.948576 0.010798
0.044468 0.557001 0.122349 0.037764 0.070213 0.168204
0.044468 0.557001 0.122349 0.037764 0.070213 0.168204
0.026544 0.214167 0.057505 0.295346 0.152276 0.254162
0.026544 0.214167 0.057505 0.295346 0.152276 0.254162
0.247463 0.516126 0.029753 0.043862 0.032124 0.130672
0.478191 0.371413 0.015453 0.058236 0.041622 0.035084
0.120083 0.659107 0.123150 0.034198 0.046613 0.016849
0.122095 0.743352 0.057595 0.021390 0.026324 0.029245
0.057014 0.218115 0.037274 0.578396 0.039646 0.069556
0.003288 0.032443 0.013776 0.015518 0.921826 0.013150
0.258630 0.573789 0.027286 0.078061 0.016338 0.045896
0.014051 0.268368 0.673743 0.012328 0.003653 0.027857
0.005830 0.194363 0.787012 0.001599 0.001583 0.009613
0.095750 0.625776 0.099404 0.058023 0.041132 0.079916
0.067384 0.235116 0.020535 0.054415 0.034874 0.587677
