0.033394 0.015487 0.949678 0.001440
0.103231 0.853321 0.001324 0.042123
0.023461 0.008304 0.966932 0.001304
0.716302 0.040966 0.224157 0.018576
0.001717 0.975251 0.022563 0.000469
0.155125 0.745731 0.097317 0.001827
0.283127 0.709396 0.007262 0.000214
0.842156 0.020098 0.136387 0.001359
0.953293 0.014694 0.030114 0.001899
0.000236 0.972882 0.026826 0.000056
0.999969 0.000008 0.000023 0.000000
0.213684 0.000686 0.014233 0.771397
0.001600 0.977614 0.013189 0.007596
0.079946 0.916000 0.003707 0.000346
0.620980 0.150008 0.228865 0.000147
0.000047 0.039098 0.958635 0.002220
0.999854 0.000146 0.000000 0.000000
0.437694 0.021937 0.007090 0.533279
0.000417 0.997526 0.000443 0.001614
0.722675 0.020139 0.237820 0.019366
0.259412 0.663755 0.002488 0.074344
0.001587 0.005337 0.991742 0.001334
0.306521 0.007188 0.678403 0.007889
0.006367 0.991914 0.001039 0.000680
0.684689 0.282371 0.025637 0.007302
0.422987 0.010077 0.564683 0.002252
0.996236 0.002830 0.000366 0.000568
0.005740 0.000093 0.959274 0.034893
0.000541 0.985309 0.010657 0.003493
0.000032 0.951201 0.046713 0.002054
0.999994 0.000005 0.000000 0.000000
0.584781 0.001095 0.011349 0.402775
0.027694 0.857505 0.046018 0.068783
0.413804 0.569603 0.006550 0.010043
0.999685 0.000299 0.000009 0.000006
0.000162 0.000279 0.015091 0.984468
0.001830 0.998131 0.000001 0.000038
0.901601 0.014046 0.080882 0.003471
0.999995 0.000005 0.000000 0.000000
0.000016 0.000515 0.000000 0.999469
0.018599 0.979934 0.000537 0.000930
0.999492 0.000501 0.000002 0.000004
0.000017 0.000132 0.999799 0.000052
0.984249 0.015513 0.000041 0.000197
0.000006 0.002117 0.042370 0.955507
0.970674 0.029126 0.000072 0.000128
0.035092 0.015581 0.947538 0.001789
0.004162 0.574075 0.367757 0.054006
0.003578 0.000560 0.995369 0.000493
0.988767 0.000269 0.010914 0.000050
0.013045 0.587724 0.309276 0.089955
0.000061 0.101537 0.894939 0.003464
0.878658 0.066991 0.003132 0.051219
0.048629 0.950395 0.000234 0.000742
0.061583 0.868654 0.067923 0.001839
0.677369 0.001921 0.252250 0.068460
0.000000 0.000000 1.000000 0.000000
0.009958 0.067265 0.922558 0.000220
0.613276 0.039389 0.338473 0.008861
0.264199 0.228521 0.312725 0.194555
0.950791 0.043939 0.002030 0.003241
0.605900 0.123516 0.270289 0.000295
0.442441 0.550410 0.002586 0.004563
0.282043 0.679088 0.038609 0.000260
0.535168 0.000815 0.352147 0.111870
0.000000 0.000000 1.000000 0.000000
0.007749 0.075819 0.916128 0.000303
0.394738 0.012673 0.579086 0.013503
0.115783 0.240166 0.384949 0.259102
0.771546 0.149460 0.038039 0.040955
0.286778 0.630946 0.081159 0.001117
0.243692 0.667088 0.005216 0.084005
0.281055 0.095945 0.016879 0.606122
0.948595 0.051400 0.000000 0.000005
0.992638 0.000001 0.007361 0.000001
0.913398 0.000526 0.000109 0.085966
0.002135 0.083850 0.083996 0.830020
0.994792 0.005205 0.000001 0.000001
0.000076 0.000055 0.000015 0.999855
0.264173 0.127018 0.001773 0.607036
0.059589 0.766881 0.170676 0.002855
0.086754 0.888845 0.009961 0.014440
0.007815 0.190727 0.703938 0.097521
0.001848 0.000176 0.997089 0.000886
0.049965 0.389945 0.555610 0.004481
0.999030 0.000464 0.000479 0.000026
0.911742 0.000815 0.008280 0.079163
0.001072 0.080574 0.917467 0.000886
0.999650 0.000323 0.000000 0.000027
0.000002 0.000337 0.000129 0.999532
0.000021 0.002039 0.800100 0.197840
0.208433 0.307889 0.079674 0.404003
0.025928 0.971631 0.002063 0.000378
0.059342 0.150444 0.788786 0.001429
0.997411 0.002589 0.000000 0.000000
0.014344 0.000310 0.017218 0.968127
0.045118 0.106689 0.716683 0.131510
0.388753 0.023585 0.586083 0.001579
0.030867 0.801489 0.001762 0.165882
0.145555 0.768644 0.000353 0.085447
0.162897 0.000394 0.835754 0.000956
0.000063 0.983713 0.000002 0.016222
0.084297 0.915664 0.000000 0.000039
0.643178 0.319760 0.021775 0.015288
0.000120 0.995573 0.000216 0.004092
0.105943 0.665467 0.214836 0.013754
0.006931 0.000066 0.992968 0.000035
0.005186 0.830564 0.049989 0.114261
0.000290 0.019018 0.756623 0.224069
0.999534 0.000413 0.000000 0.000053
0.000001 0.000120 0.028518 0.971361
0.243763 0.754571 0.000000 0.001665
0.063776 0.930309 0.000629 0.005287
0.000160 0.964932 0.027238 0.007670
0.014582 0.001837 0.977932 0.005649
0.000369 0.000070 0.999557 0.000004
0.000351 0.116059 0.010306 0.873284
0.000237 0.005624 0.938089 0.056050
0.762121 0.236032 0.000844 0.001002
0.834021 0.005523 0.160075 0.000381
0.887566 0.018432 0.079789 0.014213
0.514114 0.064450 0.295465 0.125972
0.230538 0.616914 0.087157 0.065391
0.225808 0.773100 0.000950 0.000142
0.968301 0.000589 0.030952 0.000158
0.671474 0.327026 0.000684 0.000816
0.033076 0.837873 0.003617 0.125434
0.084633 0.492812 0.020889 0.401666
0.005737 0.980447 0.000877 0.012940
0.355213 0.261507 0.004219 0.379061
1.000000 0.000000 0.000000 0.000000
0.559795 0.009653 0.000266 0.430287
0.126622 0.062817 0.786076 0.024484
0.718594 0.200064 0.081189 0.000153
0.085311 0.849173 0.017020 0.048495
0.798860 0.004061 0.193104 0.003975
0.828492 0.001385 0.169988 0.000135
0.829293 0.169124 0.000056 0.001526
0.000004 0.000142 0.999744 0.000110
0.325127 0.364818 0.187740 0.122315
0.000001 0.000019 0.999955 0.000026
0.000011 0.004437 0.981751 0.013801
0.092864 0.039344 0.867512 0.000280
0.986588 0.002019 0.010721 0.000671
0.000000 0.001548 0.000350 0.998102
0.006519 0.000140 0.992914 0.000427
0.527187 0.158926 0.000576 0.313311
0.999414 0.000478 0.000104 0.000003
0.995381 0.000053 0.000021 0.004545
0.041010 0.271713 0.000049 0.687228
0.317128 0.036286 0.176325 0.470261
0.998628 0.000941 0.000222 0.000208
0.004921 0.000473 0.994598 0.000007
0.187889 0.027356 0.645333 0.139422
0.000513 0.000860 0.998406 0.000221
0.002407 0.139600 0.016586 0.841407
0.041399 0.001734 0.956849 0.000018
0.999794 0.000126 0.000071 0.000009
0.716195 0.024710 0.201762 0.057333
0.048155 0.550389 0.044865 0.356591
0.000519 0.988716 0.000000 0.010764
0.994427 0.001023 0.001151 0.003399
0.006920 0.170456 0.265693 0.556932
0.996258 0.003728 0.000000 0.000014
0.058881 0.000038 0.941074 0.000007
0.000088 0.288563 0.000758 0.710591
0.030926 0.965897 0.000702 0.002475
0.918135 0.004441 0.071345 0.006079
0.002481 0.766492 0.230583 0.000444
0.041804 0.646954 0.292279 0.018964
0.998937 0.000799 0.000261 0.000003
0.296556 0.696743 0.005630 0.001071
0.773773 0.035922 0.014141 0.176164
0.113608 0.615013 0.269639 0.001740
0.078111 0.844476 0.018201 0.059212
0.213598 0.634581 0.027932 0.123890
0.481872 0.498240 0.019554 0.000333
0.987661 0.011164 0.001129 0.000045
0.061975 0.193566 0.134928 0.609531
0.021152 0.572981 0.391746 0.014121
0.000157 0.015532 0.982233 0.002078
0.001751 0.995943 0.000615 0.001691
0.081076 0.849575 0.016794 0.052554
0.001111 0.766515 0.178295 0.054079
0.053312 0.946636 0.000009 0.000043
0.000849 0.023218 0.966393 0.009540
0.000114 0.024376 0.950838 0.024672
0.838614 0.000446 0.159341 0.001599
0.000160 0.979249 0.005849 0.014742
0.000035 0.124478 0.027456 0.848031
0.999655 0.000324 0.000019 0.000002
0.999407 0.000563 0.000029 0.000001
0.939946 0.001845 0.058016 0.000192
0.952207 0.034506 0.004960 0.008327
0.044606 0.030804 0.924471 0.000119
0.039803 0.952234 0.007507 0.000456
0.088210 0.002249 0.909026 0.000515
0.981487 0.018468 0.000045 0.000000
0.471335 0.001919 0.525765 0.000981
0.929565 0.023165 0.001256 0.046014
0.948967 0.036644 0.009439 0.004950
0.000551 0.006279 0.881370 0.111800
0.999977 0.000023 0.000000 0.000000
0.833843 0.000021 0.062655 0.103481
0.004936 0.699457 0.265026 0.030581
0.000022 0.000801 0.976162 0.023016
0.803236 0.161339 0.000018 0.035407
0.730370 0.268456 0.000000 0.001174
0.558873 0.424891 0.000007 0.016230
0.318709 0.435883 0.241231 0.004178
0.000000 0.000034 0.999965 0.000001
0.132319 0.007705 0.780166 0.079809
0.000041 0.000132 0.000011 0.999817
0.004316 0.351137 0.639915 0.004632
0.000311 0.995553 0.001334 0.002802
0.475876 0.510043 0.008776 0.005304
0.005339 0.001984 0.000253 0.992424
0.000003 0.897200 0.018173 0.084624
0.987115 0.003416 0.009232 0.000237
0.000414 0.000172 0.999051 0.000362
0.005602 0.815462 0.155166 0.023770
0.113085 0.885661 0.001180 0.000073
0.198482 0.004804 0.757862 0.038852
0.010896 0.000212 0.988873 0.000019
0.679110 0.013937 0.306924 0.000028
0.994408 0.005006 0.000277 0.000310
0.001032 0.001276 0.997139 0.000553
0.026208 0.942703 0.030944 0.000144
0.090814 0.139460 0.768927 0.000799
0.334537 0.537398 0.113519 0.014546
0.012684 0.004857 0.000366 0.982093
0.100623 0.141623 0.000051 0.757704
0.994206 0.000196 0.000024 0.005575
0.000134 0.432923 0.000055 0.566888
0.000008 0.013056 0.979849 0.007087
0.844536 0.155088 0.000005 0.000371
0.000332 0.606048 0.379826 0.013794
0.298894 0.654678 0.006969 0.039459
0.201393 0.057162 0.716930 0.024515
0.000197 0.000942 0.000002 0.998859
0.000044 0.437758 0.425637 0.136562
0.937529 0.035320 0.021697 0.005454
0.511495 0.069976 0.414233 0.004296
0.025325 0.002611 0.969832 0.002231
0.962360 0.037292 0.000000 0.000349
0.477894 0.502994 0.001508 0.017604
0.007629 0.865985 0.000409 0.125976
0.000196 0.927298 0.068789 0.003717
0.008513 0.007366 0.981577 0.002543
0.000713 0.007521 0.991250 0.000516
0.000073 0.145938 0.116794 0.737195
0.000120 0.336269 0.661380 0.002231
0.007199 0.982217 0.000605 0.009979
0.000411 0.996863 0.002414 0.000312
0.994569 0.001851 0.003343 0.000237
0.000100 0.000107 0.000093 0.999699
0.000431 0.640729 0.326155 0.032686
0.330841 0.655415 0.001060 0.012685
0.000052 0.008547 0.984485 0.006916
0.997362 0.001709 0.000783 0.000146
0.000015 0.000012 0.000096 0.999877
0.007413 0.992032 0.000077 0.000478
0.999996 0.000000 0.000004 0.000000
0.815528 0.001755 0.000026 0.182690
0.025386 0.955229 0.007469 0.011916
0.009611 0.958982 0.026505 0.004902
0.001981 0.000274 0.000005 0.997740
0.026199 0.203677 0.766517 0.003608
0.000325 0.021232 0.843020 0.135423
0.000909 0.001442 0.997467 0.000183
0.000000 0.000004 0.999905 0.000091
0.004386 0.143897 0.851219 0.000498
0.959227 0.010316 0.029274 0.001183
0.998679 0.001125 0.000004 0.000192
0.000002 0.001217 0.000000 0.998782
0.000046 0.896093 0.054624 0.049236
0.018273 0.523712 0.140807 0.317209
0.050544 0.380605 0.537966 0.030885
0.000024 0.342191 0.522361 0.135424
0.004614 0.172153 0.438683 0.384551
0.005020 0.000111 0.994837 0.000032
0.145263 0.485282 0.311186 0.058269
0.001961 0.771960 0.114579 0.111500
0.870495 0.032696 0.000009 0.096800
0.995395 0.002081 0.000086 0.002438
0.002761 0.995693 0.000010 0.001535
0.999946 0.000037 0.000000 0.000017
0.999991 0.000007 0.000000 0.000002
0.000000 0.000081 0.000001 0.999918
0.025114 0.946311 0.005276 0.023299
0.909331 0.003500 0.000377 0.086792
0.006819 0.000266 0.992876 0.000039
0.056596 0.885242 0.054631 0.003531
0.000384 0.015285 0.183476 0.800855
0.016158 0.146777 0.836598 0.000468
0.000697 0.000953 0.987195 0.011156
0.636991 0.017903 0.344622 0.000485
0.517111 0.000515 0.481381 0.000993
0.114751 0.879007 0.000015 0.006227
0.015961 0.006736 0.973616 0.003687
0.246571 0.099675 0.650811 0.002943
0.021437 0.104695 0.870573 0.003295
0.994709 0.005281 0.000001 0.000009
0.000212 0.000008 0.999761 0.000019
0.126178 0.000143 0.865666 0.008013
0.000123 0.000136 0.999719 0.000021
0.001201 0.004031 0.994474 0.000294
0.199679 0.000879 0.798953 0.000490
0.998578 0.001405 0.000009 0.000009
0.000363 0.004223 0.000184 0.995231
0.128574 0.849287 0.021846 0.000294
0.826461 0.005861 0.166860 0.000818
0.033614 0.012764 0.952277 0.001344
0.873484 0.037086 0.089247 0.000183
0.578764 0.413810 0.001868 0.005558
0.001289 0.882082 0.042509 0.074120
0.999891 0.000109 0.000000 0.000000
0.999889 0.000000 0.000000 0.000110
0.000280 0.007118 0.000006 0.992596
0.087406 0.537051 0.373489 0.002054
0.000382 0.057639 0.783623 0.158357
0.228592 0.600195 0.035912 0.135300
0.999471 0.000301 0.000200 0.000028
0.002295 0.004667 0.993008 0.000029
0.746674 0.252836 0.000001 0.000489
0.029314 0.049956 0.041065 0.879665
0.066680 0.921933 0.010241 0.001146
0.069525 0.003008 0.927433 0.000034
0.883519 0.003471 0.000931 0.112079
0.000050 0.975691 0.019528 0.004731
0.829310 0.150789 0.000858 0.019043
0.507225 0.001698 0.000003 0.491074
0.000014 0.061169 0.000181 0.938635
0.000159 0.984393 0.013191 0.002258
0.999943 0.000034 0.000010 0.000013
0.000477 0.006101 0.000000 0.993422
0.002820 0.997071 0.000001 0.000108
0.000984 0.000002 0.999001 0.000013
0.707874 0.006138 0.026061 0.259928
0.000000 0.000010 0.999833 0.000158
0.000008 0.004034 0.991702 0.004257
0.035316 0.030248 0.932488 0.001948
0.036733 0.003559 0.901247 0.058461
0.010120 0.940683 0.046919 0.002277
0.009735 0.766125 0.161836 0.062304
0.572534 0.414315 0.000684 0.012466
0.116847 0.626776 0.204864 0.051513
0.983961 0.007023 0.007185 0.001831
0.001485 0.001792 0.989620 0.007103
0.999962 0.000031 0.000007 0.000000
0.999439 0.000033 0.000513 0.000015
0.347958 0.651908 0.000001 0.000132
0.999864 0.000136 0.000000 0.000000
0.952285 0.000206 0.000200 0.047309
0.063982 0.085811 0.724832 0.125375
0.967054 0.032719 0.000082 0.000145
0.006312 0.050965 0.934316 0.008407
0.044889 0.516258 0.000944 0.437909
0.252213 0.713642 0.001047 0.033098
0.156440 0.023266 0.175837 0.644458
0.037731 0.916862 0.037386 0.008021
0.920361 0.079570 0.000001 0.000068
0.008285 0.954897 0.003307 0.033511
0.006319 0.153144 0.001416 0.839121
0.987491 0.001080 0.002121 0.009308
0.015979 0.959019 0.005922 0.019080
0.126579 0.045896 0.826278 0.001247
0.000067 0.000123 0.999803 0.000007
0.255359 0.095139 0.646870 0.002632
0.001272 0.000872 0.996976 0.000880
0.777606 0.192642 0.015117 0.014636
0.205860 0.556198 0.232038 0.005905
0.026699 0.028272 0.944465 0.000564
0.000304 0.000514 0.001055 0.998126
0.001385 0.014858 0.966351 0.017406
0.011234 0.002968 0.984269 0.001529
0.137436 0.027646 0.014244 0.820674
0.510537 0.211086 0.268940 0.009437
0.947355 0.045160 0.003252 0.004233
0.950033 0.021775 0.025557 0.002635
0.000591 0.022706 0.754946 0.221757
0.736049 0.174390 0.021164 0.068398
0.999995 0.000005 0.000000 0.000000
0.000010 0.999312 0.000001 0.000678
0.989626 0.002737 0.006675 0.000962
0.993362 0.005297 0.001301 0.000041
0.002383 0.979430 0.000013 0.018174
0.000242 0.995378 0.000028 0.004353
0.847291 0.146389 0.003490 0.002830
0.021544 0.004339 0.963130 0.010987
0.002647 0.416914 0.536719 0.043720
0.171343 0.039680 0.665501 0.123476
0.000042 0.000422 0.994878 0.004658
0.923743 0.067431 0.008778 0.000048
0.033210 0.182913 0.479931 0.303946
0.828169 0.169634 0.002126 0.000070
0.909967 0.018504 0.037754 0.033775
0.999719 0.000269 0.000005 0.000007
0.946068 0.053119 0.000486 0.000327
0.970607 0.028713 0.000476 0.000204
0.998636 0.000631 0.000706 0.000027
0.568507 0.431228 0.000108 0.000157
0.829146 0.093997 0.069199 0.007658
0.629954 0.139033 0.230567 0.000447
0.012234 0.943860 0.031707 0.012199
0.078888 0.753830 0.100832 0.066451
0.999055 0.000026 0.000916 0.000004
0.010855 0.000982 0.067757 0.920406
0.052101 0.330119 0.054321 0.563459
0.069003 0.916572 0.010988 0.003438
0.568507 0.431228 0.000108 0.000157
0.829146 0.093997 0.069199 0.007658
0.629954 0.139033 0.230567 0.000447
0.012234 0.943860 0.031707 0.012199
0.078888 0.753830 0.100832 0.066451
0.999055 0.000026 0.000916 0.000004
0.010855 0.000982 0.067757 0.920406
0.052101 0.330119 0.054321 0.563459
0.069003 0.916572 0.010988 0.003438
0.251622 0.304877 0.216466 0.227035
0.999695 0.000247 0.000006 0.000052
0.001712 0.010450 0.000182 0.987657
0.000261 0.920885 0.026610 0.052244
0.019481 0.514018 0.453105 0.013396
0.929651 0.005591 0.002375 0.062383
0.000099 0.000145 0.999742 0.000014
0.675653 0.310001 0.003613 0.010733
0.970513 0.029471 0.000004 0.000012
0.251622 0.304877 0.216466 0.227035
0.999695 0.000247 0.000006 0.000052
0.001712 0.010450 0.000182 0.987657
0.000261 0.920885 0.026610 0.052244
0.019481 0.514018 0.453105 0.013396
0.929651 0.005591 0.002375 0.062383
0.000099 0.000145 0.999742 0.000014
0.675653 0.310001 0.003613 0.010733
0.970513 0.029471 0.000004 0.000012
0.006944 0.908084 0.002588 0.082384
0.645243 0.256248 0.077799 0.020711
0.001747 0.000957 0.951535 0.045762
0.000145 0.999697 0.000070 0.000089
0.897893 0.099756 0.001569 0.000782
0.019684 0.472997 0.382890 0.124430
0.000133 0.024851 0.826102 0.148914
0.990860 0.000068 0.007750 0.001321
0.073543 0.924366 0.001961 0.000129
0.000025 0.000173 0.000590 0.999212
0.000340 0.997547 0.000007 0.002105
0.002722 0.901875 0.080162 0.015240
0.999926 0.000043 0.000031 0.000000
0.004359 0.038288 0.087890 0.869463
0.000134 0.229149 0.655262 0.115455
0.000326 0.171492 0.098692 0.729490
0.001956 0.939341 0.049469 0.009233
0.025223 0.738345 0.135272 0.101161
0.845710 0.031460 0.036078 0.086753
0.035723 0.038013 0.926171 0.000093
0.052824 0.945983 0.000206 0.000987
0.012417 0.966689 0.015445 0.005449
0.135233 0.862906 0.001283 0.000578
0.017936 0.105346 0.808620 0.068098
0.796834 0.010979 0.192186 0.000000
0.731232 0.212440 0.000129 0.056199
0.064979 0.934570 0.000001 0.000450
0.000479 0.989628 0.000581 0.009312
0.029454 0.016126 0.428046 0.526374
0.008258 0.991599 0.000101 0.000042
0.192136 0.799721 0.000626 0.007517
0.005429 0.172174 0.811355 0.011042
0.181922 0.798863 0.015885 0.003330
0.004453 0.545825 0.449495 0.000227
0.041879 0.931753 0.000021 0.026346
0.114100 0.005117 0.878755 0.002028
0.466368 0.013050 0.025546 0.495035
0.641638 0.344204 0.010687 0.003471
0.778765 0.027718 0.030215 0.163302
0.204555 0.360504 0.011216 0.423725
0.847537 0.144719 0.003849 0.003895
0.156979 0.766660 0.068062 0.008299
0.982244 0.017501 0.000000 0.000255
0.982820 0.000202 0.000067 0.016911
0.446651 0.047357 0.504316 0.001675
0.542532 0.435318 0.005771 0.016378
0.659544 0.184853 0.086542 0.069061
0.999999 0.000001 0.000000 0.000000
0.049148 0.000030 0.000024 0.950798
0.569409 0.412694 0.003970 0.013928
0.000350 0.000303 0.000015 0.999332
0.013225 0.136387 0.848481 0.001907
0.020736 0.936233 0.008555 0.034476
0.688984 0.238922 0.024187 0.047906
0.997178 0.000437 0.002376 0.000009
0.000403 0.001064 0.998146 0.000387
0.999527 0.000310 0.000020 0.000143
0.109547 0.002760 0.887244 0.000450
0.760394 0.106214 0.121277 0.012115
0.908351 0.082038 0.009577 0.000034
0.999947 0.000027 0.000023 0.000003
0.000008 0.000752 0.000255 0.998985
0.781401 0.218553 0.000043 0.000004
0.000000 0.004913 0.000047 0.995040
0.000742 0.998713 0.000301 0.000243
0.487232 0.497415 0.001191 0.014162
0.353420 0.191075 0.443603 0.011902
0.371205 0.454852 0.162546 0.011397
0.594667 0.403301 0.001430 0.000601
0.993068 0.006804 0.000122 0.000007
0.168980 0.133357 0.695798 0.001864
0.901742 0.097193 0.000086 0.000979
0.011342 0.684934 0.302280 0.001444
0.787808 0.208946 0.000090 0.003156
0.000114 0.001040 0.000779 0.998067
0.000000 0.001181 0.998772 0.000047
0.091044 0.015284 0.893580 0.000091
0.068262 0.032992 0.160729 0.738017
0.002602 0.969959 0.025169 0.002270
0.032298 0.227213 0.665036 0.075452
0.998962 0.000953 0.000006 0.000079
0.992433 0.005149 0.000218 0.002200
0.999509 0.000003 0.000000 0.000488
0.006214 0.000787 0.000056 0.992944
0.394701 0.592281 0.000211 0.012806
0.995810 0.004182 0.000004 0.000004
0.000220 0.000082 0.000003 0.999695
0.000008 0.029865 0.965060 0.005067
0.133065 0.419153 0.039384 0.408399
0.050459 0.007453 0.942086 0.000002
0.831268 0.151675 0.004012 0.013045
0.000410 0.002176 0.997067 0.000347
0.001461 0.051522 0.917944 0.029074
0.991230 0.004848 0.003879 0.000043
0.625613 0.002647 0.367476 0.004263
0.073858 0.407974 0.331277 0.186891
0.416872 0.177682 0.181038 0.224408
0.009407 0.989044 0.001357 0.000191
0.523399 0.434043 0.042184 0.000374
0.068507 0.014585 0.915877 0.001030
0.000571 0.000649 0.998156 0.000623
0.713846 0.003141 0.281854 0.001159
0.003193 0.015567 0.979326 0.001914
0.003553 0.052168 0.704076 0.240203
1.000000 0.000000 0.000000 0.000000
0.484222 0.318186 0.000079 0.197513
0.000124 0.990289 0.000405 0.009182
0.997887 0.001923 0.000015 0.000174
0.018574 0.980160 0.000463 0.000803
0.024040 0.001163 0.964944 0.009853
0.613581 0.335126 0.046921 0.004373
0.998823 0.001166 0.000007 0.000004
0.801480 0.193198 0.005226 0.000096
1.000000 0.000000 0.000000 0.000000
0.965352 0.001889 0.000179 0.032579
0.008469 0.970179 0.000029 0.021323
0.999946 0.000027 0.000026 0.000002
0.011889 0.010242 0.000004 0.977865
0.000607 0.547949 0.321042 0.130402
0.022880 0.960131 0.014855 0.002133
0.326633 0.669655 0.000051 0.003661
0.000225 0.000041 0.999731 0.000002
0.077223 0.007400 0.873497 0.041880
0.843635 0.155989 0.000356 0.000020
0.429234 0.002952 0.561807 0.006007
0.881212 0.002999 0.115415 0.000374
0.863105 0.076265 0.055461 0.005169
0.979723 0.011506 0.000002 0.008769
0.000138 0.115718 0.000037 0.884107
0.000000 0.016683 0.969616 0.013701
0.010764 0.091116 0.897611 0.000508
0.062047 0.888422 0.030905 0.018625
0.024161 0.973945 0.000099 0.001794
0.535593 0.241614 0.051087 0.171706
0.994334 0.005311 0.000249 0.000106
0.805733 0.187387 0.002471 0.004409
0.031758 0.263185 0.556092 0.148965
0.013707 0.882780 0.000061 0.103452
0.621318 0.000630 0.000033 0.378019
0.006412 0.047486 0.183526 0.762577
0.000003 0.866634 0.093566 0.039797
0.995571 0.003828 0.000538 0.000064
0.023383 0.121475 0.503744 0.351399
0.000804 0.437090 0.026341 0.535764
0.005715 0.862996 0.130305 0.000984
0.520117 0.476399 0.002916 0.000569
0.136506 0.262352 0.540533 0.060609
0.186365 0.128411 0.064758 0.620466
0.000092 0.001332 0.998465 0.000110
0.199345 0.799990 0.000434 0.000231
0.998939 0.001052 0.000003 0.000006
0.023004 0.967811 0.003012 0.006172
0.079202 0.790639 0.002453 0.127706
0.951317 0.048630 0.000022 0.000031
0.844007 0.155578 0.000009 0.000406
0.657305 0.342607 0.000003 0.000086
0.090621 0.002149 0.846612 0.060618
0.006755 0.101348 0.844202 0.047695
0.011284 0.983996 0.002012 0.002707
0.179974 0.420365 0.260153 0.139508
0.057704 0.917545 0.009452 0.015299
0.073448 0.013339 0.910014 0.003199
0.012851 0.985222 0.000275 0.001652
0.345770 0.626291 0.004796 0.023142
0.010246 0.988369 0.001286 0.000099
0.689386 0.015485 0.051073 0.244056
0.966652 0.010289 0.023059 0.000000
0.010570 0.005463 0.983784 0.000184
0.092454 0.878179 0.027012 0.002356
0.999484 0.000082 0.000434 0.000001
0.999771 0.000011 0.000000 0.000218
0.094830 0.076238 0.754936 0.073996
0.801684 0.047392 0.150508 0.000416
0.001218 0.002697 0.995938 0.000148
0.303567 0.659148 0.019674 0.017611
0.180915 0.761243 0.056109 0.001733
0.013191 0.540943 0.438191 0.007675
0.472140 0.018308 0.508125 0.001427
0.117683 0.005191 0.028156 0.848970
0.001621 0.011100 0.987129 0.000150
0.390423 0.037211 0.568874 0.003492
0.347964 0.650659 0.000133 0.001244
0.803730 0.175726 0.018271 0.002273
0.000594 0.089703 0.907770 0.001934
0.999985 0.000013 0.000001 0.000002
0.998126 0.000171 0.000002 0.001701
0.003283 0.865183 0.034464 0.097070
0.050567 0.019105 0.912669 0.017659
0.956239 0.010496 0.033151 0.000115
0.002924 0.001257 0.000074 0.995745
0.021767 0.173842 0.802857 0.001534
0.923459 0.076202 0.000074 0.000265
0.000001 0.000001 0.005394 0.994605
0.995524 0.004462 0.000001 0.000012
0.000013 0.001208 0.000000 0.998780
0.054926 0.828005 0.023840 0.093229
0.125920 0.000218 0.873620 0.000243
0.264219 0.280776 0.454404 0.000601
0.821094 0.002880 0.172096 0.003931
0.970858 0.000063 0.029018 0.000061
0.197024 0.795994 0.000474 0.006508
0.000833 0.635235 0.311081 0.052851
1.000000 0.000000 0.000000 0.000000
0.013044 0.030819 0.041827 0.914311
0.001481 0.997099 0.000144 0.001276
0.051418 0.001462 0.947084 0.000037
0.881672 0.113522 0.001643 0.003164
0.295677 0.704041 0.000048 0.000234
0.995153 0.002801 0.002033 0.000013
0.027070 0.628216 0.008126 0.336587
0.053259 0.720710 0.008626 0.217405
0.972379 0.021952 0.005338 0.000331
0.000389 0.009978 0.989573 0.000060
0.085446 0.913611 0.000820 0.000122
0.130804 0.066184 0.800272 0.002739
0.000007 0.000807 0.992477 0.006709
0.984216 0.004399 0.001191 0.010195
0.677838 0.306403 0.010681 0.005077
0.313378 0.117501 0.567040 0.002081
0.977382 0.021667 0.000937 0.000014
0.001856 0.043897 0.953353 0.000894
0.002602 0.426596 0.216031 0.354771
0.011533 0.007977 0.979035 0.001455
0.088228 0.905543 0.003873 0.002355
0.156150 0.748818 0.030488 0.064543
0.067022 0.923540 0.009363 0.000075
0.759562 0.197783 0.000375 0.042280
0.004227 0.744738 0.250791 0.000244
0.049671 0.032168 0.792525 0.125636
0.077208 0.001295 0.921177 0.000321
0.000976 0.684958 0.021555 0.292511
0.358488 0.626507 0.008686 0.006318
0.000072 0.000044 0.999839 0.000045
0.584391 0.410867 0.000038 0.004705
0.070495 0.653996 0.199282 0.076228
0.024071 0.120135 0.270143 0.585651
0.991043 0.007315 0.000059 0.001583
0.009437 0.428240 0.000031 0.562292
0.004960 0.909498 0.070568 0.014974
0.767515 0.232440 0.000027 0.000019
0.365215 0.568600 0.000003 0.066181
0.309025 0.686870 0.000051 0.004053
0.536339 0.071569 0.389067 0.003025
0.090592 0.039394 0.868063 0.001951
0.906878 0.092195 0.000004 0.000922
0.141202 0.040846 0.809549 0.008403
0.132985 0.106293 0.557352 0.203370
0.038005 0.958884 0.002414 0.000697
0.016078 0.101612 0.706536 0.175775
0.934060 0.059969 0.005208 0.000762
0.004880 0.003431 0.022658 0.969030
0.384372 0.615503 0.000046 0.000079
0.999475 0.000503 0.000015 0.000007
0.715016 0.237528 0.000008 0.047447
0.910225 0.085233 0.001395 0.003148
0.734614 0.101529 0.135245 0.028611
0.000070 0.001332 0.998586 0.000012
0.001160 0.973532 0.016942 0.008366
0.997866 0.001683 0.000438 0.000013
0.011063 0.937450 0.000730 0.050757
0.996727 0.003268 0.000001 0.000004
0.998989 0.000010 0.001000 0.000001
0.310392 0.689219 0.000019 0.000370
0.965896 0.017160 0.005847 0.011097
0.970157 0.004242 0.025314 0.000288
0.788642 0.210278 0.000756 0.000325
0.183911 0.218362 0.336726 0.261001
0.107131 0.892813 0.000008 0.000048
0.000315 0.004319 0.995260 0.000106
0.519540 0.448737 0.027648 0.004075
0.880411 0.032828 0.034586 0.052174
0.427431 0.018142 0.501777 0.052649
0.146986 0.389556 0.460168 0.003290
0.979618 0.020323 0.000000 0.000058
0.745889 0.007046 0.244907 0.002157
0.988688 0.011309 0.000001 0.000002
0.998538 0.000164 0.000006 0.001291
0.164370 0.007957 0.003798 0.823875
0.057294 0.934276 0.006629 0.001801
0.396785 0.027663 0.162962 0.412589
0.000097 0.995860 0.000887 0.003155
1.000000 0.000000 0.000000 0.000000
0.462331 0.000513 0.381446 0.155709
0.000254 0.939110 0.000572 0.060063
0.216743 0.735439 0.000836 0.046982
0.025861 0.194617 0.643957 0.135565
0.168283 0.014988 0.001133 0.815596
0.001428 0.001076 0.997459 0.000038
0.009854 0.010907 0.968268 0.010971
0.057423 0.879567 0.041554 0.021455
0.051470 0.826737 0.098892 0.022900
0.273487 0.724166 0.002004 0.000343
0.027609 0.840514 0.028830 0.103046
0.006547 0.989101 0.003936 0.000417
0.933226 0.057167 0.008689 0.000918
0.953059 0.037263 0.009227 0.000451
0.998339 0.001327 0.000217 0.000117
0.000809 0.969905 0.002171 0.027114
0.021585 0.923998 0.051317 0.003099
0.994494 0.004414 0.000309 0.000783
0.016656 0.983009 0.000000 0.000334
0.546982 0.401176 0.000085 0.051757
0.999983 0.000015 0.000001 0.000001
0.009244 0.000104 0.990519 0.000133
0.001353 0.993125 0.004573 0.000949
0.449422 0.516864 0.000157 0.033557
0.999970 0.000029 0.000000 0.000000
0.001795 0.008960 0.008120 0.981124
0.000067 0.025149 0.970484 0.004300
0.999999 0.000001 0.000000 0.000000
0.916388 0.005706 0.002896 0.075010
0.000992 0.986544 0.004337 0.008126
0.824449 0.167829 0.000284 0.007438
0.000054 0.356092 0.634369 0.009485
0.000336 0.017164 0.924790 0.057710
0.000011 0.000017 0.999952 0.000020
0.000008 0.000007 0.999981 0.000004
0.999463 0.000212 0.000322 0.000003
0.000010 0.000006 0.999983 0.000002
0.763842 0.213765 0.017686 0.004707
0.983418 0.001747 0.007378 0.007457
0.004564 0.974737 0.000627 0.020071
0.005780 0.909214 0.002223 0.082783
0.803100 0.132620 0.000435 0.063845
0.687883 0.130512 0.030485 0.151120
0.999979 0.000021 0.000000 0.000000
0.017184 0.002287 0.012032 0.968497
0.001521 0.790434 0.034958 0.173087
0.078163 0.850549 0.070939 0.000350
0.053377 0.463918 0.060739 0.421966
0.024953 0.077691 0.049403 0.847953
0.999999 0.000001 0.000000 0.000000
0.736298 0.000392 0.003878 0.259432
0.236375 0.647600 0.107001 0.009024
0.935583 0.000201 0.000000 0.064217
0.000042 0.000628 0.000176 0.999155
0.000689 0.995467 0.000268 0.003576
0.073126 0.923640 0.000602 0.002632
0.999881 0.000119 0.000000 0.000000
0.623281 0.289185 0.000126 0.087408
0.000002 0.000288 0.999653 0.000056
0.013077 0.000763 0.986146 0.000013
0.029949 0.056618 0.853008 0.060425
0.000208 0.918670 0.079234 0.001888
0.363834 0.005814 0.603357 0.026995
0.641763 0.002515 0.355719 0.000002
0.606043 0.041859 0.102551 0.249548
0.014102 0.009250 0.974760 0.001889
0.546807 0.003012 0.410387 0.039795
0.052111 0.556426 0.385278 0.006185
0.000095 0.000046 0.999858 0.000001
0.012895 0.119247 0.817257 0.050601
0.000690 0.920139 0.077008 0.002163
0.565758 0.008565 0.420376 0.005301
0.678620 0.013579 0.307798 0.000004
0.864170 0.038346 0.009155 0.088328
0.502464 0.100930 0.383888 0.012718
0.093256 0.018130 0.811548 0.077066
0.002476 0.126197 0.856493 0.014834
0.386300 0.033641 0.550295 0.029763
0.013605 0.976079 0.010254 0.000062
0.025379 0.908413 0.060012 0.006197
0.037549 0.465433 0.493637 0.003381
0.620944 0.239555 0.139175 0.000325
0.074537 0.003091 0.921246 0.001125
0.999892 0.000108 0.000000 0.000000
0.000057 0.000044 0.000041 0.999858
0.000331 0.990863 0.002030 0.006776
0.996889 0.002939 0.000001 0.000171
0.046754 0.019870 0.932855 0.000522
0.345248 0.008472 0.642544 0.003736
0.925498 0.013106 0.040267 0.021130
0.009918 0.960158 0.000022 0.029902
0.166826 0.001185 0.484964 0.347026
0.775313 0.206549 0.016571 0.001566
0.036582 0.501466 0.441587 0.020364
0.867660 0.006555 0.123534 0.002250
0.000364 0.929878 0.001010 0.068749
0.443964 0.032707 0.174972 0.348357
0.934544 0.039025 0.025795 0.000636
0.089604 0.909161 0.000220 0.001016
0.698012 0.132577 0.168574 0.000838
0.996301 0.003682 0.000000 0.000017
0.000850 0.046130 0.943528 0.009492
0.044724 0.125258 0.148117 0.681901
0.038711 0.958521 0.002185 0.000583
0.003201 0.002173 0.992975 0.001652
0.030621 0.966744 0.002608 0.000027
0.995520 0.004106 0.000050 0.000323
0.000188 0.091345 0.006075 0.902392
0.418824 0.581150 0.000002 0.000024
0.003412 0.003262 0.000000 0.993326
0.999968 0.000032 0.000000 0.000000
0.000000 0.000020 0.049097 0.950884
0.000874 0.999121 0.000000 0.000005
0.000003 0.000095 0.010030 0.989873
0.023523 0.587702 0.204953 0.183822
0.000099 0.000002 0.999801 0.000098
0.648909 0.349909 0.000280 0.000902
0.865189 0.120376 0.000708 0.013726
0.998902 0.000975 0.000096 0.000027
0.010244 0.000056 0.989693 0.000007
0.999868 0.000018 0.000112 0.000002
0.999872 0.000118 0.000009 0.000001
0.026361 0.912403 0.000148 0.061089
0.999989 0.000006 0.000001 0.000004
0.024591 0.005291 0.911029 0.059089
0.769369 0.186470 0.020435 0.023726
0.200036 0.211286 0.586480 0.002198
0.441186 0.176444 0.169189 0.213181
0.024947 0.008573 0.303639 0.662841
0.461649 0.458104 0.008409 0.071838
0.222599 0.771805 0.005537 0.000060
0.022073 0.784215 0.001219 0.192492
0.620198 0.368332 0.001047 0.010424
0.000101 0.000169 0.000641 0.999089
0.000396 0.109812 0.774948 0.114845
0.927435 0.072143 0.000238 0.000184
0.999880 0.000061 0.000051 0.000008
0.605815 0.022573 0.357377 0.014235
0.065742 0.774103 0.000014 0.160141
0.011125 0.381672 0.599603 0.007600
0.804371 0.079330 0.115235 0.001064
0.000008 0.012584 0.977629 0.009780
0.997838 0.002161 0.000000 0.000000
0.112437 0.002693 0.000405 0.884465
0.007722 0.748186 0.015936 0.228155
0.000482 0.002660 0.994002 0.002856
0.031358 0.334090 0.111892 0.522661
0.245404 0.453455 0.114704 0.186437
0.000053 0.000144 0.991363 0.008439
0.874606 0.113520 0.004691 0.007182
0.996320 0.001523 0.000127 0.002030
0.395305 0.395616 0.021141 0.187938
0.000544 0.270954 0.002208 0.726294
0.959859 0.010514 0.026227 0.003400
0.092585 0.762381 0.144628 0.000405
0.069467 0.766760 0.113134 0.050639
0.265138 0.081950 0.609589 0.043323
0.999995 0.000005 0.000000 0.000000
0.000016 0.000161 0.000026 0.999797
0.000523 0.378529 0.022193 0.598755
0.002904 0.952329 0.011632 0.033135
0.274924 0.442991 0.263199 0.018886
0.782663 0.128746 0.004135 0.084455
0.010014 0.041230 0.803247 0.145508
0.000254 0.013106 0.985071 0.001570
0.130436 0.411674 0.364678 0.093213
0.000019 0.797098 0.006640 0.196242
0.038011 0.129330 0.828054 0.004605
0.900845 0.098357 0.000118 0.000680
0.171315 0.588038 0.060581 0.180067
0.984195 0.015425 0.000000 0.000380
0.000014 0.000315 0.000024 0.999647
0.005098 0.356112 0.050877 0.587913
0.077959 0.763418 0.028892 0.129731
0.850078 0.148554 0.000007 0.001361
0.999950 0.000025 0.000005 0.000020
0.102577 0.008678 0.858016 0.030729
0.997042 0.002734 0.000036 0.000188
0.910013 0.016009 0.069864 0.004114
0.990245 0.008560 0.000139 0.001057
0.020739 0.072845 0.033808 0.872608
0.002385 0.000372 0.988880 0.008364
0.000305 0.000485 0.999190 0.000020
0.090652 0.189753 0.714264 0.005332
0.004465 0.073070 0.901797 0.020669
0.999069 0.000919 0.000000 0.000011
0.000996 0.010118 0.000006 0.988881
0.000113 0.573858 0.425945 0.000085
0.551983 0.434693 0.011492 0.001832
0.013177 0.044734 0.003274 0.938815
0.000478 0.983007 0.000642 0.015872
0.615634 0.031586 0.352537 0.000243
0.192623 0.773792 0.008914 0.024672
0.045544 0.016019 0.936502 0.001934
0.880170 0.055368 0.055147 0.009315
0.040429 0.879054 0.080262 0.000255
0.962192 0.004490 0.033277 0.000041
0.941187 0.036459 0.021659 0.000695
0.791604 0.067056 0.140332 0.001008
0.946252 0.053605 0.000005 0.000137
0.309613 0.530358 0.155947 0.004081
0.999901 0.000030 0.000000 0.000068
0.788893 0.206881 0.000722 0.003504
0.148505 0.262029 0.548050 0.041416
0.000003 0.000256 0.999714 0.000026
0.993306 0.006150 0.000375 0.000170
0.921974 0.017277 0.059887 0.000862
0.003339 0.010358 0.958015 0.028288
0.993858 0.001421 0.004561 0.000160
0.067533 0.194099 0.733447 0.004922
0.892814 0.106846 0.000318 0.000022
0.858680 0.075850 0.044019 0.021451
0.902735 0.097262 0.000000 0.000003
0.354325 0.006066 0.638439 0.001171
0.858293 0.141647 0.000000 0.000059
0.977225 0.020829 0.001842 0.000104
0.000838 0.006980 0.990543 0.001639
0.986829 0.012989 0.000017 0.000165
0.000634 0.005445 0.983002 0.010919
0.926863 0.007779 0.064651 0.000707
0.000688 0.000354 0.990529 0.008430
0.165368 0.033735 0.800777 0.000119
0.000402 0.005267 0.993797 0.000534
0.050635 0.746018 0.198053 0.005295
0.001564 0.013173 0.977223 0.008040
0.491663 0.393702 0.114247 0.000388
0.928866 0.046777 0.023109 0.001248
0.988636 0.011052 0.000254 0.000058
0.000298 0.297034 0.224908 0.477760
0.999954 0.000046 0.000000 0.000000
0.839169 0.002922 0.003092 0.154817
0.006119 0.627191 0.000663 0.366028
0.236104 0.675980 0.012365 0.075551
0.792220 0.134672 0.000795 0.072314
0.335357 0.080203 0.015474 0.568967
0.402752 0.591635 0.004518 0.001095
0.002221 0.192178 0.000577 0.805024
0.000000 0.028240 0.000069 0.971691
0.997640 0.002360 0.000000 0.000000
0.965096 0.005068 0.000241 0.029595
0.440640 0.537937 0.002880 0.018543
0.911348 0.019452 0.068976 0.000224
0.997716 0.002265 0.000014 0.000006
0.049516 0.855655 0.085133 0.009696
0.000090 0.007961 0.991646 0.000303
0.000000 0.000012 0.999986 0.000002
0.942574 0.057009 0.000056 0.000361
0.000000 0.000036 0.200072 0.799892
0.909642 0.090008 0.000018 0.000333
0.000017 0.000034 0.000066 0.999884
0.001268 0.982905 0.015052 0.000775
0.000008 0.082675 0.007005 0.910312
0.988715 0.011027 0.000242 0.000016
0.000044 0.000104 0.021192 0.978660
0.250893 0.254566 0.478726 0.015815
0.432835 0.258705 0.256579 0.051881
0.005043 0.262774 0.410323 0.321860
0.278939 0.352106 0.360481 0.008474
0.000560 0.001939 0.993333 0.004167
0.998214 0.001783 0.000000 0.000003
0.000285 0.015291 0.018277 0.966147
0.735401 0.263557 0.000002 0.001041
0.000082 0.000560 0.194362 0.804996
0.764072 0.208128 0.016171 0.011630
0.000089 0.158689 0.719884 0.121337
0.038065 0.933898 0.002366 0.025671
0.983109 0.015020 0.001793 0.000078
0.375125 0.580891 0.010254 0.033730
0.999487 0.000485 0.000000 0.000028
0.023106 0.005266 0.001604 0.970024
0.000263 0.991717 0.000014 0.008006
0.851320 0.105108 0.043525 0.000047
0.008609 0.991251 0.000025 0.000114
0.000663 0.053992 0.943808 0.001537
0.704580 0.045354 0.247082 0.002983
0.000026 0.000099 0.999824 0.000050
0.100930 0.780006 0.059566 0.059499
0.905620 0.087799 0.002096 0.004485
0.525765 0.230942 0.227130 0.016164
0.048628 0.951196 0.000083 0.000094
0.965803 0.034164 0.000001 0.000033
0.061187 0.896481 0.000062 0.042270
0.010652 0.037657 0.939558 0.012134
0.867218 0.001448 0.120182 0.011151
0.004319 0.004120 0.991479 0.000081
0.431950 0.349643 0.174024 0.044383
0.000001 0.000038 0.999961 0.000001
0.999333 0.000653 0.000005 0.000008
0.006754 0.029550 0.059563 0.904133
0.007539 0.992091 0.000101 0.000268
0.001166 0.996517 0.002046 0.000271
0.969270 0.026378 0.002248 0.002104
0.700626 0.291403 0.007663 0.000307
0.091865 0.906235 0.000042 0.001858
0.003444 0.968832 0.009722 0.018002
0.318041 0.679843 0.000197 0.001919
0.983438 0.005722 0.003085 0.007755
0.001900 0.008637 0.977634 0.011830
0.988245 0.001733 0.009977 0.000045
0.000027 0.008472 0.990881 0.000621
0.000009 0.663890 0.176373 0.159728
0.000126 0.000496 0.999301 0.000076
0.011414 0.001783 0.980307 0.006496
0.060704 0.154598 0.782900 0.001798
0.073180 0.000864 0.000005 0.925951
0.000000 0.005230 0.000673 0.994096
0.000012 0.998745 0.001000 0.000242
0.001031 0.320527 0.242828 0.435614
0.000002 0.019392 0.000001 0.980605
0.938916 0.061081 0.000000 0.000003
0.884144 0.003962 0.032275 0.079619
0.383569 0.254193 0.011804 0.350434
0.013481 0.039385 0.946763 0.000372
0.028251 0.771006 0.157925 0.042817
0.839163 0.053921 0.106311 0.000605
0.024796 0.973395 0.000985 0.000824
0.994994 0.003761 0.000982 0.000263
0.395817 0.489726 0.097141 0.017316
0.002474 0.990264 0.000002 0.007260
0.927193 0.072781 0.000001 0.000025
0.006913 0.000064 0.005201 0.987822
0.000010 0.093646 0.899736 0.006608
0.000014 0.992449 0.004171 0.003367
0.019014 0.976035 0.000881 0.004070
0.013608 0.036598 0.945685 0.004109
0.297111 0.278669 0.419900 0.004321
0.458822 0.525773 0.009514 0.005891
0.011875 0.987175 0.000149 0.000802
0.575134 0.020444 0.227948 0.176474
0.843803 0.151457 0.000004 0.004736
0.008448 0.028216 0.962295 0.001041
0.027745 0.209396 0.747828 0.015030
0.000191 0.000118 0.999678 0.000013
0.782205 0.182721 0.034449 0.000625
0.956168 0.003118 0.040658 0.000056
0.000318 0.000599 0.950195 0.048888
0.541942 0.428503 0.026486 0.003069
0.586061 0.389709 0.002311 0.021919
0.998696 0.001285 0.000018 0.000002
0.657320 0.042569 0.000027 0.300083
0.010954 0.930151 0.022134 0.036761
0.000003 0.000618 0.999023 0.000357
0.124685 0.227289 0.646770 0.001256
0.976840 0.022940 0.000021 0.000200
0.915924 0.081359 0.001811 0.000906
0.991225 0.001956 0.006253 0.000566
0.005123 0.938631 0.000336 0.055910
0.001534 0.845278 0.009596 0.143591
0.986174 0.008184 0.005219 0.000423
0.088468 0.586673 0.317394 0.007464
0.996467 0.003489 0.000041 0.000003
0.553406 0.439110 0.007172 0.000313
0.989852 0.010089 0.000016 0.000043
0.048637 0.950449 0.000023 0.000890
0.000194 0.894814 0.071990 0.033002
0.000398 0.000009 0.998655 0.000938
0.000000 0.000000 0.999998 0.000002
0.135838 0.536271 0.322572 0.005319
0.000217 0.135483 0.849626 0.014674
0.043602 0.176691 0.614016 0.165690
0.818703 0.094418 0.082385 0.004495
0.009495 0.249518 0.733657 0.007330
0.317319 0.222370 0.451756 0.008555
0.212536 0.059519 0.722871 0.005075
0.995068 0.001982 0.000073 0.002876
0.000002 0.000005 0.000161 0.999833
0.006111 0.390484 0.600750 0.002655
0.086106 0.874416 0.032474 0.007003
0.999979 0.000020 0.000000 0.000000
0.710942 0.014479 0.000000 0.274578
0.000006 0.005673 0.000092 0.994229
0.055072 0.772727 0.169990 0.002211
0.259751 0.727060 0.003833 0.009356
0.879689 0.052386 0.000835 0.067091
0.009601 0.003859 0.000388 0.986152
0.000088 0.632310 0.334769 0.032834
0.094518 0.739594 0.088304 0.077584
0.782133 0.138607 0.070060 0.009200
0.046814 0.397314 0.275216 0.280656
0.621984 0.113059 0.245337 0.019620
0.987953 0.007679 0.000251 0.004118
0.000000 0.000017 0.000000 0.999983
0.955105 0.044823 0.000040 0.000032
0.726809 0.088581 0.033798 0.150811
0.236708 0.760780 0.000672 0.001840
0.999709 0.000095 0.000189 0.000007
0.996582 0.000153 0.000003 0.003262
0.052653 0.335984 0.255584 0.355778
0.999911 0.000082 0.000006 0.000001
0.022289 0.000875 0.976405 0.000431
0.699562 0.033306 0.227310 0.039822
0.053352 0.945558 0.000039 0.001051
